0.452799 9.896260 19.242000 2.263130 1.072660 0.054657 0.191543 -1.490160 153.378000
1.106800 13.577000 10.319100 1.929120 1.464600 0.186659 0.157233 -2.100360 158.678000
0.562472 6.655120 5.704510 0.921335 1.228770 0.033091 0.141518 -3.400470 158.991000
0.381458 15.721200 8.548070 2.360970 1.957990 0.122982 0.091772 -2.874170 133.492000
0.306442 15.506400 14.936500 2.952330 1.481520 0.087216 0.117077 -0.365845 111.251000
0.531342 15.785200 19.482400 1.835050 1.204240 0.049442 0.184488 -2.150270 154.344000
0.692225 7.282780 5.691640 1.980840 2.183540 0.029827 0.072208 -0.624708 133.033000
0.579468 6.757520 7.879580 0.409098 1.835920 0.125987 0.059227 -3.868330 139.902000
0.959529 19.977400 6.477010 1.558020 1.729210 0.138608 0.067883 -0.173378 150.832000
1.221750 12.757300 5.889130 2.657060 1.477760 0.107421 0.096992 0.566522 108.814000
0.413175 10.870300 17.619200 1.270550 1.790130 0.183674 0.069533 0.737628 156.474000
0.391183 17.570600 10.671800 1.449650 1.463690 0.150315 0.134235 2.027980 146.130000
0.511519 10.172100 12.147100 0.786112 1.097180 0.083407 0.145253 -0.527246 87.047000
0.932367 17.314000 9.676940 2.050830 1.001450 0.122471 0.196972 1.930830 127.896000
0.990440 11.304600 8.801920 1.713200 1.258850 0.092949 0.155215 -2.387080 130.212000
0.353223 18.046100 7.499410 1.546630 1.151360 0.051538 0.149730 -1.351020 85.016000
1.141030 11.276200 7.387880 1.564690 1.590520 0.099417 0.070861 0.667309 155.620000
0.331343 14.570900 6.262590 1.669420 1.353440 0.041403 0.136153 -0.674105 96.546500
0.507700 8.068080 15.714600 2.208360 1.427850 0.020752 0.143311 -3.460680 157.666000
1.110520 14.258000 18.526000 2.216750 1.044970 0.199234 0.102170 -0.211773 108.801000
0.961620 13.602400 8.814470 2.934750 1.048990 0.137763 0.079197 0.041124 122.857000
0.629438 20.774000 14.041800 2.522020 1.135160 0.146883 0.125366 -1.764180 115.661000
1.111630 9.205960 15.806600 2.849420 0.750853 0.033684 0.185263 -2.247280 155.529000
0.381293 14.720800 7.386650 2.010500 1.165660 0.103607 0.184876 -1.451200 119.792000
0.536280 15.940600 17.563400 2.093390 1.034130 0.108443 0.167728 -3.378380 144.579000
0.750223 19.326000 18.116900 2.418370 1.042680 0.117348 0.120337 -3.546450 137.405000
1.187860 13.727000 7.233990 2.234030 1.431420 0.185698 0.105713 -2.670470 98.821000
1.287560 17.365600 6.160410 2.188900 1.726770 0.023960 0.054563 -0.528715 125.149000
1.033350 19.145700 13.138600 2.294420 1.151660 0.105332 0.058105 -2.332430 142.375000
0.917708 13.404600 14.690800 2.114190 0.863180 0.189097 0.162187 -2.510480 109.827000
0.937908 17.027900 11.130800 2.454440 0.643304 0.081193 0.132425 -2.805450 147.794000
1.327130 10.116300 10.290300 1.174440 0.756167 0.152477 0.172188 -2.844110 109.403000
0.777862 11.088400 16.419700 2.824670 1.118820 0.154946 0.057271 -1.662330 149.610000
0.956162 13.539000 6.861520 1.960450 1.271540 0.155356 0.153743 -3.255160 131.841000
0.638327 17.151000 6.753020 1.519840 1.112590 0.187899 0.097682 -0.784926 103.567000
0.311659 17.690700 13.667300 1.401020 1.885870 0.199874 0.055643 -3.560790 148.907000
1.390060 18.482700 10.107400 2.555260 1.822240 0.189135 0.076623 -3.248330 154.586000
0.335277 19.115900 6.629190 2.611830 1.564370 0.177932 0.109292 -3.785660 107.031000
1.158890 9.407000 9.776170 2.312590 1.173400 0.071581 0.113819 1.600100 112.112000
1.123830 8.732710 9.709030 2.799560 1.388600 0.108048 0.155580 -3.235060 89.373300
1.042190 13.855500 5.784690 1.627270 2.342560 0.070803 0.068815 -3.896480 120.173000
0.679597 7.566650 15.268600 0.954136 1.573120 0.126044 0.066339 -0.703964 95.059900
0.391374 20.170900 12.539700 2.397330 1.109200 0.039284 0.121892 -2.207200 92.765800
1.181060 7.116430 13.372000 1.910940 1.157600 0.053652 0.129973 -1.637850 159.672000
0.418373 10.788500 14.696800 1.061760 1.390080 0.100063 0.149024 -1.109680 120.216000
1.291480 14.244800 7.531770 2.000200 2.246940 0.132582 0.050062 -3.030530 138.362000
0.585013 11.961400 7.052130 2.648060 1.218970 0.062763 0.175411 2.234960 151.891000
0.668576 17.791300 5.921850 1.789300 1.545130 0.139450 0.109159 -3.321490 115.702000
0.867734 6.196010 8.475810 1.125950 1.959930 0.110669 0.057299 -1.969900 108.105000
1.349700 11.733600 8.470840 2.944400 1.320450 0.145230 0.136727 -3.764640 88.954500
0.685198 11.314600 9.547490 2.256360 0.984497 0.172322 0.101785 -3.932190 84.836400
0.509136 14.387000 11.368800 1.977740 1.755100 0.091276 0.089013 -2.131100 99.393600
1.266430 7.621230 14.797500 2.803120 2.058120 0.117715 0.052618 -0.270027 110.427000
0.649971 11.466300 6.065890 2.649160 1.355520 0.019647 0.182676 0.825612 152.656000
0.701626 16.061400 10.744500 1.339720 0.888785 0.158083 0.106009 -3.914700 119.718000
0.993137 16.524900 19.172700 1.521140 0.910029 0.076365 0.153197 -3.142010 144.766000
0.555552 7.520850 10.906500 1.624350 2.186610 0.179591 0.064042 -2.225380 91.011200
0.772947 13.024500 17.186700 0.582711 1.275710 0.105580 0.114103 -3.765920 159.055000
1.327870 19.610600 17.730300 2.839770 0.849608 0.024312 0.187284 -1.598580 123.649000
0.605821 11.634400 14.141100 1.804410 1.333970 0.143849 0.078720 -0.711208 153.057000
1.376630 19.047100 11.144900 2.136760 1.558450 0.192142 0.095387 -0.927280 147.443000
1.340080 6.483260 18.290400 2.122190 1.758830 0.191574 0.076671 -3.670910 100.269000
1.189180 6.032560 19.689300 1.139250 1.132790 0.029310 0.194717 -3.195340 144.314000
0.374423 9.640520 9.224260 2.125120 0.665774 0.196792 0.191902 -2.290600 107.717000
0.676008 6.346700 14.504400 1.811360 2.020490 0.151734 0.050747 0.453411 118.593000
0.419052 15.155000 8.437960 1.839000 0.931290 0.168468 0.177690 -2.022830 92.716600
0.535847 6.620190 18.012000 1.736900 1.632600 0.105508 0.124317 2.101590 123.112000
1.180830 8.724540 8.987080 2.034290 1.988400 0.047321 0.068476 -2.915060 136.168000
0.693923 16.481500 17.587300 2.942820 0.884417 0.132801 0.152335 1.778520 113.454000
0.499240 7.679330 6.392790 1.525790 2.149340 0.146699 0.073279 -1.160240 112.949000
0.815479 8.028470 9.841920 2.870670 1.072260 0.060275 0.173253 -1.383570 87.907300
1.197630 19.304900 7.439800 2.905020 1.571060 0.167589 0.061788 -1.574920 103.751000
0.608327 14.275000 13.363200 2.942280 1.455420 0.160749 0.079567 -1.329950 156.086000
0.442079 17.940700 13.847600 2.753120 0.744667 0.046836 0.110599 -3.173220 144.217000
0.790246 9.460350 8.090920 2.581850 1.038380 0.012605 0.149972 -3.053520 111.645000
0.823735 16.784000 19.864700 1.926880 1.027090 0.178491 0.121782 0.706003 148.674000
0.360943 15.123300 14.159400 1.209340 1.529020 0.046333 0.078248 -3.113810 134.791000
0.837388 9.653310 14.344200 1.593760 0.798078 0.024377 0.117238 -3.433400 135.934000
0.364854 17.626900 13.165800 0.646817 1.233750 0.049785 0.140557 -2.923320 145.758000
0.462779 17.019400 13.299800 1.292340 1.067230 0.141806 0.173386 -2.024820 120.796000
0.938537 10.710100 19.648200 1.371100 1.240310 0.164931 0.138719 -1.234630 126.594000
1.293010 15.369500 5.832150 1.986820 1.723820 0.097480 0.077548 -1.698970 151.257000
1.122370 13.517200 15.959900 2.309250 1.733380 0.167406 0.096660 -3.256380 140.312000
1.292620 7.364840 18.019300 2.219410 0.796877 0.149347 0.126169 -2.071210 154.874000
0.490892 7.220040 11.900000 2.632790 1.035840 0.082330 0.106654 -0.876337 132.415000
0.386364 6.463370 13.863200 2.581550 1.771420 0.184695 0.093785 -0.932904 94.551800
0.657241 8.184510 7.907410 0.595229 1.499480 0.059267 0.154386 -2.449320 158.594000
1.095260 19.397500 8.129420 2.519130 0.464318 0.036298 0.165629 -3.735290 153.490000
0.582543 7.418320 17.772700 2.738780 1.596790 0.144633 0.071546 -2.066160 139.138000
0.710297 8.628630 17.424000 2.557270 1.454700 0.139599 0.069258 -2.996500 112.218000
0.548472 6.960610 11.117500 1.160510 1.589850 0.189911 0.128814 -2.112100 159.715000
0.423433 7.430930 7.077250 0.527573 1.924330 0.098264 0.097853 -3.015010 120.677000
1.011930 7.834030 15.425700 2.457690 0.766693 0.038584 0.183994 0.465598 81.920900
0.921582 6.794130 6.806570 2.004820 1.838580 0.102338 0.054741 0.145407 138.176000
0.660983 12.369400 8.276230 2.383910 1.155630 0.038493 0.121462 1.096540 109.195000
0.301697 9.980290 5.621760 1.283040 2.003050 0.041975 0.066947 -3.825730 108.861000
1.336090 11.006300 11.875900 2.986830 0.716357 0.013916 0.169467 -3.988420 155.369000
0.941367 14.638100 6.926050 1.793360 1.025020 0.031964 0.076497 -3.999850 88.258300
0.703824 17.024500 11.453300 1.800430 1.483210 0.192423 0.071373 -0.954439 93.354200
0.890470 9.372970 7.248620 2.468130 1.050090 0.150195 0.110322 -0.394232 86.068300
0.800047 6.807460 12.346900 2.878950 1.167770 0.114568 0.144119 -2.454530 118.173000
0.642558 6.226070 13.193400 1.738760 1.666620 0.027944 0.094769 -3.402350 92.785900
0.817261 11.309600 12.832500 2.703620 0.705460 0.042478 0.136112 -2.446370 158.156000
0.415869 12.008500 18.235500 1.619810 1.875040 0.198889 0.082798 -3.803990 134.337000
0.825012 10.763100 15.485100 2.401820 1.078870 0.034859 0.132313 -0.336345 91.445300
1.337040 14.409200 7.559660 1.724560 2.313140 0.083211 0.066212 -3.189120 132.557000
0.433848 15.866900 14.015500 1.275290 2.034710 0.169303 0.070914 -3.952490 139.163000
0.467879 8.400840 16.694400 0.455772 0.778501 0.171383 0.192311 -2.132920 92.526200
1.053980 12.062600 9.893780 2.563390 1.105820 0.070354 0.086442 0.576211 125.768000
0.867604 13.016000 15.396300 1.972700 1.700760 0.086694 0.090904 -3.875190 153.082000
0.967492 11.230600 5.869860 2.779970 0.686923 0.114771 0.166204 -1.450900 127.363000
0.499876 6.095540 17.396000 2.835920 1.549960 0.063296 0.117891 -3.925090 123.823000
0.535240 16.972200 11.205100 1.616420 1.181910 0.168410 0.159122 -3.075570 124.264000
0.792288 15.110000 5.967440 1.136240 1.059090 0.129824 0.145343 -2.002540 153.138000
0.511783 7.077480 8.383250 0.577527 1.182640 0.018301 0.130672 -3.301130 129.411000
1.290940 15.039300 6.331110 2.395770 1.149410 0.196209 0.053733 -2.682370 98.748200
0.316620 14.618300 14.539600 1.066750 0.984740 0.015764 0.169581 -3.399250 129.522000
1.063260 6.115790 6.230080 2.729540 1.636240 0.059155 0.158551 -2.860710 134.155000
0.391012 12.137500 7.101490 1.301120 1.533790 0.020127 0.111860 -0.902960 100.756000
0.735256 7.188920 5.769120 0.903650 1.618610 0.040007 0.171450 -3.638830 144.937000
0.751121 14.054900 18.257200 2.137070 1.254600 0.092725 0.095424 0.864000 96.253900
0.624733 8.074800 19.063500 1.661800 1.731310 0.079417 0.080459 0.101211 115.101000
1.072470 12.142700 6.461580 2.658150 1.421610 0.196654 0.059707 0.601860 132.373000
1.220050 14.754700 18.307000 2.396560 1.596080 0.016749 0.058849 -3.170910 130.863000
0.485513 16.794700 10.387800 2.185080 1.410090 0.075378 0.080310 -2.628770 133.741000
1.261930 6.972870 7.956750 2.012950 1.059740 0.096447 0.087660 -1.302780 86.633500
0.805066 18.683200 13.343500 2.481900 1.052070 0.169362 0.074162 -3.527570 134.817000
1.175430 6.176140 11.622800 1.316540 0.704328 0.032763 0.131855 -1.614440 105.451000
0.713455 8.525370 16.082700 1.611140 1.262150 0.023313 0.126298 1.771560 130.778000
0.790744 7.318570 17.949100 2.967850 1.044410 0.086171 0.078046 -1.274190 81.364400
0.991596 11.411700 11.051700 2.901670 1.750600 0.159705 0.081589 -3.442660 111.450000
0.978348 7.414910 9.043610 1.603420 1.567310 0.057177 0.155254 -2.858130 137.896000
0.771364 18.240200 9.208130 2.289270 1.029250 0.064201 0.101095 0.060782 137.934000
0.302761 6.388130 14.727500 2.346580 0.854546 0.064800 0.052049 -2.941520 99.234700
0.337536 14.033400 14.922500 1.423380 1.352680 0.116130 0.153288 1.964850 136.392000
1.155270 15.528300 16.800900 2.342880 1.131450 0.070184 0.193342 -2.787490 132.538000
1.317710 13.992900 12.748300 1.955730 0.986317 0.170073 0.149511 -0.184565 103.179000
0.414551 10.207000 6.551100 0.482904 1.748360 0.193440 0.076068 -3.155560 116.336000
0.873496 10.608400 17.639900 2.595280 0.652725 0.041260 0.165809 -3.771570 105.485000
0.369165 11.017300 14.286900 2.426640 1.565860 0.134304 0.137637 -0.706029 123.947000
0.569213 9.178910 15.345300 0.620431 1.117920 0.033827 0.168231 -3.919180 152.187000
1.118370 17.151600 7.225370 2.293860 1.388030 0.064039 0.166917 -3.294230 143.988000
1.012030 15.099200 9.713040 1.906600 1.326090 0.018534 0.067685 -2.784840 94.092800
1.138720 10.237100 18.380200 1.446130 0.762450 0.098646 0.180276 -3.790300 133.776000
1.308480 12.489800 15.211800 2.288680 1.160700 0.077126 0.122525 -2.342010 132.875000
0.398834 13.974500 12.350900 0.793103 1.298570 0.071413 0.123192 -1.295880 133.054000
0.547278 18.533100 8.506130 1.617810 1.535110 0.146714 0.131962 -3.894410 158.009000
0.532043 7.671170 16.116800 2.624160 2.281020 0.115449 0.063974 -2.237030 135.525000
0.368404 8.490070 5.716310 1.253790 2.025720 0.100538 0.110061 -2.091310 133.930000
0.328089 14.079500 12.986200 0.387066 0.843524 0.085766 0.149641 -2.841560 99.068800
1.162860 14.981400 19.349700 1.846600 1.402490 0.177320 0.072600 -2.686790 123.067000
0.907564 13.700700 14.639300 1.849060 2.063950 0.174065 0.067601 -1.560550 152.601000
0.474901 15.303000 11.021400 2.927550 0.685466 0.032156 0.160483 -0.177872 128.334000
0.519009 9.225930 11.947300 2.069770 1.306680 0.142098 0.056892 -2.562320 110.168000
0.656971 14.757600 17.535400 1.802670 1.575410 0.113085 0.104024 -0.996266 125.204000
0.681378 20.155900 10.169300 2.744170 1.455960 0.128372 0.066376 -2.800940 108.606000
0.779438 9.716220 18.111600 2.020430 1.365650 0.181612 0.085529 -1.267360 131.061000
0.654834 12.811900 14.346800 2.462420 1.366780 0.018131 0.105226 -1.821600 115.551000
0.353055 11.538800 13.383700 1.759460 0.463823 0.039536 0.145131 -3.216820 91.063500
0.515109 6.059330 10.002600 1.025830 1.840540 0.176298 0.089783 -1.434040 106.270000
0.677499 14.039600 5.768140 1.320730 0.833034 0.049623 0.080102 -2.194670 91.124700
1.271150 8.873400 18.909700 2.210140 0.943219 0.040016 0.145776 -3.760580 81.195800
0.631701 15.602600 19.562200 2.733130 1.593360 0.096519 0.105330 0.523577 124.909000
0.428431 17.553200 12.215800 2.400240 1.238690 0.164560 0.056843 -3.144750 122.399000
0.771225 12.073400 15.971700 2.248650 1.251550 0.035077 0.117273 -3.810990 107.281000
0.700137 9.622690 6.297510 1.116430 1.176670 0.048688 0.181937 -3.547310 106.684000
0.370233 13.497100 8.747740 1.623280 1.214750 0.077675 0.183204 -0.650833 101.923000
0.672698 16.922700 17.846800 1.895310 1.272430 0.074472 0.097139 -3.133350 138.964000
0.326046 13.020500 14.889000 2.929070 1.572610 0.192073 0.092049 -0.568180 127.408000
1.338170 6.547110 10.265500 2.818930 2.292920 0.161069 0.078090 -2.634590 141.463000
0.465473 8.685310 9.724900 2.742400 1.621450 0.165236 0.061725 -0.423556 87.011800
0.910317 6.557680 6.036870 2.453380 1.737110 0.018952 0.108975 -3.688020 100.609000
0.875585 8.495560 14.415300 2.784410 0.967611 0.168568 0.135958 0.380096 131.981000
0.319660 9.857540 6.917990 1.967610 1.607860 0.137657 0.092143 1.607960 105.427000
1.117520 13.745500 14.351900 1.443060 1.152600 0.177688 0.194428 -3.781130 141.432000
0.761182 11.825300 15.645200 1.295190 1.257110 0.173697 0.149182 -1.364680 124.005000
0.575441 17.955800 18.531300 2.037200 1.076520 0.101401 0.164496 -0.992938 108.776000
0.337112 9.362640 12.517100 2.690550 0.604337 0.100842 0.123441 -2.971140 105.077000
0.401166 7.776990 19.536600 1.477590 1.312350 0.183565 0.177711 -0.899168 152.489000
0.314236 14.013900 12.034500 1.753680 1.383560 0.089987 0.116952 1.759100 152.759000
0.355135 12.252500 9.923680 2.021870 1.470890 0.168979 0.156084 -3.995590 139.727000
0.983417 20.242400 8.286480 2.231380 1.461500 0.053826 0.115812 0.126829 144.563000
0.879243 6.365020 16.268600 1.233510 0.411509 0.100171 0.130292 -3.793160 135.398000
0.815632 14.026800 8.418270 2.609450 1.558840 0.120089 0.091542 -1.519640 119.544000
0.542476 7.224130 16.914800 2.452220 1.331450 0.111982 0.171247 -2.190700 118.830000
1.196470 7.025280 16.092600 1.989240 1.262790 0.128879 0.165331 -2.917540 139.150000
1.177640 18.801400 16.369100 2.158800 1.116460 0.106369 0.116889 -1.549470 156.902000
0.434724 8.835420 8.136480 2.171810 1.436500 0.151446 0.101983 0.978538 86.511500
0.522765 8.798300 6.195370 2.651560 1.827800 0.188577 0.083471 -0.301445 88.673100
0.377440 13.309700 16.640200 1.505310 0.918579 0.169145 0.151207 -2.663840 144.795000
0.744901 14.155200 11.027200 1.904650 1.529870 0.070590 0.101841 -2.107520 136.090000
1.091210 17.383300 14.143000 2.481640 1.032320 0.077524 0.128801 -3.818850 121.532000
0.796772 6.210210 18.195100 1.152960 0.925029 0.173016 0.198838 -2.467530 84.089600
1.043740 7.885490 19.944600 1.188910 1.040390 0.043569 0.137781 -1.395580 125.182000
0.673614 18.299100 6.934340 2.812020 1.266740 0.195826 0.111630 -0.942390 88.569100
0.752956 6.477440 19.901400 0.700379 1.041280 0.086606 0.159745 -2.673310 118.745000
0.793524 7.947890 11.774100 0.538297 0.842853 0.134963 0.162562 -3.848820 144.903000
1.182350 7.977470 11.375300 2.906670 0.988685 0.008012 0.112320 -2.124530 83.004800
0.492767 7.979120 11.579400 2.610530 1.615590 0.120766 0.107044 -2.306140 117.883000
0.312849 9.798190 5.997100 0.957237 1.660880 0.111478 0.094042 1.818660 86.182900
1.088940 6.327210 15.261600 2.052690 1.252930 0.050536 0.148278 -3.375380 130.127000
0.375624 11.594000 16.952700 2.875640 1.463430 0.179205 0.078056 -0.201714 108.518000
1.094540 16.301800 11.995000 0.984595 0.899717 0.043658 0.154023 -2.019780 139.489000
1.127520 13.949900 15.763800 2.335280 1.715050 0.180399 0.051471 -0.011451 147.519000
0.567182 7.609100 8.184460 2.487830 1.542970 0.140677 0.175185 -0.964148 154.862000
0.354760 12.193400 18.893100 2.748900 1.522620 0.139570 0.113145 -2.665050 129.763000
1.034320 17.761900 13.770600 2.902900 1.884820 0.039369 0.067817 -0.318981 154.921000
0.878598 12.817900 14.330500 1.645570 1.447360 0.113924 0.082728 -0.329460 92.049100
1.098040 10.001800 16.191200 2.171210 0.693563 0.016973 0.172098 0.196361 156.554000
0.776386 16.602600 9.261280 2.998760 1.104890 0.116776 0.093911 0.709611 140.123000
0.309530 13.544500 18.176300 2.138150 1.527350 0.014620 0.074371 -1.886740 139.083000
1.168710 17.141700 11.384200 1.410240 1.109870 0.078265 0.166611 -2.532350 135.775000
0.376086 15.139300 5.618560 1.483530 1.375440 0.011883 0.095673 -2.750800 118.023000
0.333475 7.524450 13.062600 2.303120 2.001930 0.074873 0.080558 -2.209270 120.577000
0.992070 10.041600 9.755850 2.083120 1.237540 0.172205 0.188435 -2.240380 101.749000
0.443136 9.199090 14.314300 1.070090 1.337260 0.047412 0.176327 -3.261190 126.686000
1.311820 10.753800 11.192000 0.764574 0.634159 0.087320 0.196303 -1.268230 116.590000
0.308467 16.186100 19.887100 0.727681 1.372510 0.042382 0.111522 -1.854530 114.025000
0.642127 6.541890 15.459500 2.903270 1.303910 0.057358 0.122893 -2.880450 91.624000
0.951551 14.582700 9.911710 2.030940 1.249720 0.151554 0.089604 0.272686 132.072000
0.698594 11.046800 13.219800 1.839810 1.389290 0.177899 0.178959 -3.069680 159.180000
0.485103 9.008720 9.409110 2.507290 1.610430 0.123305 0.094152 -2.043010 91.412400
0.887884 12.616900 17.610500 0.675500 1.021980 0.117956 0.197733 -3.274890 150.228000
1.026520 6.094550 5.833050 1.969000 1.907020 0.130929 0.097333 -2.204130 143.022000
0.438444 17.428100 19.247100 1.316350 0.876547 0.019836 0.111421 -3.509600 118.092000
0.388498 7.203950 7.760300 2.860810 1.801230 0.145470 0.058501 0.536505 95.204100
0.954397 17.473000 13.495400 2.187240 1.641870 0.115792 0.113736 -2.361360 153.730000
0.659298 8.841800 6.120730 2.087240 1.089310 0.083360 0.082023 -3.094220 85.560100
0.416807 6.860100 10.612700 2.482840 0.812072 0.066077 0.066982 -3.518730 100.699000
0.840733 20.915700 7.757090 2.709810 1.057150 0.103256 0.162451 -2.527570 102.266000
0.429932 11.110400 19.364600 2.669590 1.460600 0.086937 0.191950 -3.435020 157.055000
0.877450 19.319200 10.058900 2.892300 1.440700 0.098102 0.084728 -2.297070 114.553000
0.330640 9.106220 7.121870 2.957510 1.360990 0.103565 0.128032 -2.790070 90.111700
0.497834 9.961020 5.655490 2.924360 1.405430 0.042675 0.056166 -3.887480 123.583000
0.305963 18.786700 9.007230 1.029880 1.401490 0.034524 0.105981 -3.862230 128.986000
0.637463 12.979900 9.502560 2.441830 1.679450 0.158829 0.100057 -3.624310 147.074000
0.771036 15.976600 9.196320 2.940430 1.578400 0.149289 0.093440 -2.932870 151.404000
1.135170 20.162300 16.204100 1.687570 1.013590 0.139009 0.075406 -0.077404 147.050000
1.154320 16.904200 14.428100 2.734820 1.068540 0.016014 0.153323 -3.686750 130.622000
1.212130 6.899870 19.077000 2.630310 2.184680 0.080896 0.050514 -2.436760 119.476000
0.369714 20.961400 5.688350 2.637370 1.398390 0.184302 0.131043 -2.220760 135.797000
0.665625 16.429200 11.780400 2.550050 1.646530 0.044032 0.070124 0.940584 151.294000
0.498664 9.306690 16.815600 2.383040 1.933610 0.124139 0.072437 -3.964380 107.972000
0.628460 9.475120 17.115400 2.892770 1.413090 0.186046 0.160360 -2.583400 125.352000
0.403472 9.043430 9.477760 1.464290 1.753800 0.149561 0.118040 -1.314620 119.780000
0.669272 13.566200 11.603900 1.831390 0.595873 0.059397 0.197296 -1.740920 80.449900
1.309910 20.194700 12.586200 2.915290 1.186230 0.177465 0.093302 0.316140 117.720000
0.830422 8.098940 10.405500 1.433290 1.013990 0.197780 0.199028 -0.182732 112.443000
0.978602 20.642500 13.286700 2.339530 1.004370 0.191016 0.151737 -1.174090 116.694000
1.029710 8.648130 18.160500 2.841550 0.586670 0.166810 0.151719 -3.215460 101.611000
0.649380 6.156970 13.196500 1.436630 1.536510 0.051887 0.102413 -1.535000 106.597000
1.210560 16.846100 8.513160 0.688224 0.955313 0.036624 0.183231 -1.487180 157.076000
1.342020 11.589000 15.382600 2.961440 1.354510 0.033597 0.111359 -1.805610 143.377000
0.979024 6.485690 19.748300 1.639350 1.171420 0.189529 0.146398 -0.755817 138.246000
0.343362 12.389100 6.220900 1.122120 1.196640 0.046456 0.154163 -3.743960 81.168500
1.076880 14.674400 19.658400 2.919540 1.159120 0.150228 0.158855 -1.570400 141.137000
0.463784 6.021090 10.016700 2.549480 1.638570 0.022434 0.086791 -2.569550 108.266000
0.457790 7.425040 15.464200 2.694870 1.682120 0.084516 0.119248 -2.929190 91.786000
0.668263 7.973460 18.210800 0.739631 1.138380 0.032565 0.158985 -1.631970 120.100000
0.871256 15.215700 8.122690 1.862630 1.634510 0.037741 0.117531 -2.140200 159.659000
1.029400 8.713630 6.319820 1.467590 0.809604 0.102370 0.157346 -3.227140 145.660000
1.228960 11.948100 6.946130 1.592530 1.510820 0.068248 0.102889 -0.807889 145.893000
0.483295 14.681700 14.833900 2.418830 1.347450 0.195829 0.116543 -0.126320 125.232000
0.592230 14.799200 6.976820 2.081350 0.828543 0.126947 0.183857 -3.929870 101.343000
0.440440 9.648290 7.197180 2.002110 1.561300 0.093997 0.130894 -1.982380 157.103000
1.104850 14.946700 8.679600 1.321910 0.989356 0.026943 0.133947 -0.670354 111.117000
0.997350 19.164000 12.980500 1.783430 1.381660 0.112379 0.057200 -1.496820 147.907000
1.020470 6.774700 11.332100 2.784980 1.161660 0.094515 0.169329 0.668777 81.251900
1.129420 13.722400 5.558910 0.380983 0.867451 0.166120 0.095832 -2.348820 129.783000
0.646273 9.842770 7.926760 2.099020 1.176150 0.174691 0.107362 0.648774 135.626000
0.953211 12.153100 7.322050 2.548330 0.904103 0.088766 0.181619 1.873100 99.024600
1.075790 9.935020 11.932800 2.603640 1.074920 0.085332 0.152957 -2.097320 103.862000
0.800054 17.057600 5.735810 2.584670 1.468090 0.073664 0.057980 -3.132580 125.745000
0.991883 8.661810 16.917800 2.697570 1.205290 0.113332 0.119770 -0.485261 116.634000
0.303564 19.209200 13.521300 2.641380 1.624070 0.041015 0.106263 -3.655410 140.112000
0.367636 18.904000 16.976000 2.608920 1.295230 0.198782 0.120695 -0.085527 125.281000
0.762579 9.117050 8.532550 1.612040 1.247870 0.120919 0.140836 2.038450 136.484000
0.965674 7.660170 18.664700 0.854767 0.873062 0.130897 0.156571 -2.594770 113.881000
1.048570 8.061450 12.996300 1.978840 0.939756 0.058388 0.102989 -2.036000 130.076000
0.596089 8.368090 12.952600 1.272290 0.765273 0.055696 0.132284 -1.685810 85.685100
0.408955 12.172300 7.204410 2.324430 1.509680 0.097697 0.160888 -0.693605 132.826000
0.496769 17.155000 11.936100 2.100710 1.210860 0.090521 0.191407 -0.258351 130.273000
0.617347 7.119690 12.161000 0.882505 1.345040 0.037211 0.083031 -0.127461 104.892000
0.989784 7.265630 15.653100 2.671610 1.079180 0.102693 0.178352 -0.022870 126.305000
0.764422 7.250610 16.028200 0.744280 0.584239 0.088095 0.140358 -3.889630 102.029000
0.319071 7.819780 16.480400 2.306230 1.859660 0.134601 0.056925 -3.017660 102.252000
0.841308 6.182400 8.142820 2.687800 1.179040 0.104244 0.162534 -2.769100 110.682000
0.874002 7.235910 16.347000 2.319250 1.410230 0.088827 0.124692 -0.515744 86.596600
0.315634 9.621470 17.064900 1.407720 1.002580 0.080970 0.168865 -0.206933 89.247100
0.727106 10.753200 13.557500 2.965200 1.232740 0.079798 0.177911 -2.692140 112.181000
0.304391 6.361990 14.407300 2.872290 1.251000 0.078119 0.166541 -1.839880 131.637000
0.319555 13.219700 17.205900 1.789320 1.895670 0.131269 0.075899 -1.675540 93.752800
1.373210 6.552770 11.853800 0.657611 0.991190 0.167956 0.158152 -1.873600 123.491000
1.350130 16.549200 12.908200 2.121070 1.135620 0.012196 0.086921 -1.586550 130.168000
0.450160 18.050000 17.371300 2.009880 1.094330 0.037607 0.196159 -0.088912 115.187000
0.326445 8.491090 10.078100 0.530120 1.720310 0.111056 0.089874 -1.103490 134.773000
0.814085 14.590500 17.882500 2.499280 1.003650 0.098505 0.061326 -1.747360 159.405000
0.313926 14.164400 15.568600 1.108730 1.474370 0.060975 0.075277 -2.820010 81.815900
0.359606 19.247200 19.097600 2.398440 1.620190 0.092696 0.105073 -1.739310 142.704000
0.679088 20.613200 16.412900 1.928770 1.301990 0.145996 0.067353 0.995997 132.564000
