490.420960 251.485780 48.720426 13.400000 49.300000 26.100000 103.000000 30.421470 30.900000 11.829830 2.511250 -0.782750
662.605620 416.563720 37.132480 13.100000 33.600000 78.000000 119.000000 29.581960 26.000000 15.563740 3.399850 -1.021600
549.506640 161.726950 70.568700 10.900000 37.500000 12.800000 117.300000 20.203980 30.200000 9.994900 1.775250 -1.057400
486.278880 428.022950 11.979942 20.600000 21.200000 87.400000 123.900000 20.586040 28.700000 16.124250 1.826850 -0.806800
463.366250 364.698900 21.293599 19.600000 35.600000 53.800000 110.500000 24.349160 31.500000 16.196150 2.140450 -0.640950
531.310330 388.353300 26.906503 16.900000 39.500000 63.900000 109.300000 30.611130 31.700000 16.841570 2.682150 -0.835300
571.615060 345.707020 39.521009 21.900000 44.300000 34.200000 99.500000 14.066680 43.300000 9.182590 0.899000 -0.515200
571.428030 183.766990 67.840746 10.300000 42.200000 25.500000 113.200000 22.814870 28.200000 10.052040 2.210550 -0.802550
654.750050 274.747680 58.037776 15.700000 49.700000 58.000000 100.300000 31.143920 33.100000 22.828250 3.712650 -0.847050
616.954890 271.666750 55.966513 16.300000 50.400000 43.200000 99.000000 22.458630 33.700000 15.629000 2.289750 -0.578600
528.652260 208.902070 60.484030 13.500000 62.500000 38.300000 89.700000 31.832440 29.800000 13.497710 2.988450 -0.556100
503.731320 335.492000 33.398622 14.900000 38.200000 90.800000 112.600000 27.761830 25.900000 18.664060 3.071600 -0.657050
603.139210 342.738810 43.174179 11.700000 59.200000 69.500000 94.600000 22.225470 27.500000 12.224360 2.308650 -0.431000
470.398940 214.310720 54.440646 11.700000 57.700000 54.800000 96.400000 27.552690 26.800000 19.211000 3.058100 -0.499550
631.023890 313.437480 50.328746 12.000000 39.900000 44.300000 113.800000 26.275780 27.900000 13.906370 2.797600 -0.852600
482.925910 411.095670 14.873967 19.200000 31.900000 95.900000 114.300000 21.640850 29.400000 18.468190 1.792750 -0.463500
665.343110 158.681750 76.150388 11.600000 54.600000 37.100000 99.400000 28.165050 31.700000 15.649950 2.627450 -0.621350
497.703140 377.539430 24.143651 21.900000 35.500000 62.500000 108.300000 19.030380 36.100000 15.355530 1.509200 -0.548150
508.919120 336.235860 33.931376 17.200000 46.700000 28.400000 101.800000 20.583300 37.700000 9.446330 1.298550 -0.634950
429.455970 206.209130 51.983639 8.600000 68.600000 47.700000 88.500000 28.166930 22.400000 15.722720 3.397350 -0.419200
276.922960 169.723480 38.710940 7.600000 36.500000 77.300000 121.600000 20.961280 14.800000 14.410130 3.268800 -0.374550
481.103570 336.026690 30.155020 14.100000 42.800000 70.800000 108.800000 30.942990 24.500000 21.618060 3.568350 -0.610150
411.865900 160.832500 60.950275 8.200000 46.400000 29.300000 111.100000 29.246200 25.600000 11.214860 2.515150 -1.013800
494.139360 315.188550 36.214644 16.100000 32.500000 47.200000 117.100000 23.390220 28.300000 16.145970 2.740000 -0.803750
479.666770 297.272620 38.025179 12.700000 39.600000 49.500000 113.400000 33.044320 25.400000 17.224370 3.730700 -0.841450
447.575200 275.144830 38.525452 12.200000 44.300000 54.100000 109.200000 34.383840 24.300000 20.554090 4.014700 -0.719650
604.614340 362.745770 40.003777 12.400000 38.600000 65.400000 114.700000 23.431880 26.700000 15.719720 2.857250 -0.678800
600.963290 241.653620 59.788955 18.700000 61.900000 48.900000 85.000000 25.902730 45.100000 20.022840 1.809350 -0.612650
318.323050 172.480910 45.815765 10.700000 44.000000 58.900000 111.000000 30.082280 21.100000 20.213480 3.706300 -0.437800
461.960590 238.518100 48.368301 9.500000 51.600000 44.500000 104.600000 27.546600 22.600000 15.118280 3.572400 -0.536200
262.701540 162.508540 38.139480 8.500000 34.100000 69.200000 123.100000 26.241670 15.500000 17.916910 3.960650 -0.497850
446.950320 171.077710 61.723328 7.600000 47.200000 36.800000 110.900000 23.768130 22.500000 12.340900 3.135600 -0.526800
274.577150 157.271350 42.722346 7.200000 37.300000 61.600000 121.200000 25.319530 16.500000 12.026090 3.250550 -0.826200
588.769080 321.616320 45.374794 12.000000 32.400000 47.700000 121.300000 25.469590 25.300000 15.784870 3.374700 -0.997300
426.534890 205.026730 51.932014 10.900000 48.600000 59.400000 106.200000 24.306660 23.800000 18.631630 3.437950 -0.420750
461.235260 307.731130 33.281092 16.100000 36.800000 59.700000 112.800000 29.645750 28.600000 18.922760 3.195750 -0.840550
606.202140 356.559730 41.181381 13.200000 36.600000 59.200000 115.900000 32.760260 27.200000 20.525200 3.823100 -1.121250
470.131110 417.449180 11.205795 19.600000 19.500000 90.600000 126.600000 22.880670 26.200000 19.492600 2.211700 -0.794500
414.874280 164.995420 60.230020 8.800000 50.700000 55.000000 106.100000 21.712820 25.600000 11.525050 2.098800 -0.527200
587.814980 405.763140 30.970943 13.200000 35.500000 62.100000 117.000000 19.559660 27.400000 10.263110 1.838800 -0.650750
660.108980 427.260410 35.274262 17.500000 33.500000 82.100000 114.700000 22.423270 33.300000 15.757370 2.162750 -1.055200
610.212860 279.505590 54.195395 10.400000 70.000000 52.100000 85.200000 24.022200 28.600000 10.331930 2.159850 -0.419050
446.465140 372.492850 16.568436 19.300000 40.600000 83.900000 105.800000 24.844590 31.300000 20.313760 1.889550 -0.427200
582.317490 171.901280 70.479801 8.900000 51.500000 16.200000 105.300000 31.134910 29.200000 10.708330 2.520700 -1.011850
580.969050 408.738790 29.645342 15.500000 39.800000 71.800000 110.400000 24.626500 29.200000 12.114620 2.375200 -0.653400
629.749260 304.215750 51.692559 13.600000 41.700000 41.900000 110.400000 26.998680 30.900000 16.988160 2.740500 -0.996800
450.466250 172.153020 61.783370 12.100000 47.000000 38.500000 106.500000 22.796860 28.500000 14.290110 2.294200 -0.446700
554.363800 395.302840 28.692523 16.000000 28.500000 79.700000 121.200000 24.553130 27.300000 18.962920 2.918150 -0.930050
656.888550 240.386530 63.405279 10.600000 52.200000 31.200000 102.900000 21.723220 30.900000 9.840440 1.724500 -0.613900
586.477860 388.970890 33.676799 12.000000 36.000000 66.300000 117.700000 21.597930 25.600000 13.358030 2.426000 -0.618350
414.397250 227.446350 45.113934 10.100000 44.600000 41.900000 111.000000 20.210520 22.700000 12.676840 2.586700 -0.436050
515.149610 425.043250 17.491299 18.100000 31.300000 90.800000 116.200000 21.215290 29.700000 15.028630 1.826500 -0.625350
605.864940 307.903540 49.179509 14.200000 61.900000 37.100000 89.600000 23.994470 34.600000 10.098490 1.590000 -0.484900
524.780180 397.738660 24.208521 24.400000 39.400000 52.400000 101.900000 15.724200 41.600000 12.337140 0.993150 -0.469700
362.904150 185.108560 48.992438 10.400000 41.600000 47.200000 113.700000 26.496430 21.500000 17.443010 3.737950 -0.532150
468.986420 241.610320 48.482449 10.800000 51.000000 47.900000 103.900000 34.995740 25.400000 18.188590 3.893600 -0.727700
559.933480 404.046270 27.840309 16.200000 39.300000 63.700000 110.200000 17.138570 30.800000 8.826250 1.439200 -0.469200
556.110760 301.587360 45.768472 10.400000 43.700000 64.500000 111.600000 34.453600 25.300000 15.221540 3.863600 -0.986150
520.351180 310.686800 40.292861 15.000000 64.800000 57.400000 85.900000 31.649060 35.800000 20.814200 2.377300 -0.591600
433.952320 157.380130 63.733313 9.700000 46.900000 36.000000 109.100000 30.984180 24.500000 13.912150 3.442050 -0.857450
670.660000 392.155510 41.526927 13.200000 44.600000 80.100000 107.700000 33.991250 27.700000 21.235680 3.931100 -0.880700
614.779050 375.776030 38.876247 8.900000 52.600000 53.500000 104.200000 25.271610 25.900000 8.441550 2.208250 -0.669900
682.093400 349.900820 48.701920 9.000000 59.300000 42.100000 97.400000 30.573470 31.900000 8.893400 2.150550 -0.850750
341.729760 166.090290 51.397183 7.900000 37.200000 43.200000 120.600000 20.608110 17.900000 11.264060 3.288100 -0.553650
550.969870 206.408410 62.537260 12.700000 66.300000 28.600000 86.700000 24.179470 32.800000 9.283300 1.779750 -0.443450
466.347840 289.725800 37.873455 12.600000 40.500000 59.300000 112.600000 23.084410 23.700000 16.359660 3.062500 -0.508250
535.547520 403.625910 24.633035 13.500000 46.600000 82.600000 105.400000 19.357750 28.400000 7.658970 1.456150 -0.526750
629.311640 268.850080 57.278705 13.500000 46.200000 21.500000 106.000000 24.173270 34.700000 11.809020 1.703900 -0.956300
250.548650 185.077340 26.131177 9.000000 52.000000 78.900000 104.700000 22.801810 18.500000 16.716850 2.705100 -0.307600
559.426760 354.907250 36.558764 18.000000 35.600000 45.200000 112.100000 15.961690 32.700000 9.389250 1.450350 -0.557750
529.281500 276.665300 47.728137 13.200000 48.600000 30.200000 103.900000 19.594410 30.800000 10.152030 1.680850 -0.519350
531.983830 316.041780 40.591845 14.300000 47.400000 67.300000 104.000000 26.705260 29.000000 20.779620 2.933100 -0.584200
464.747600 197.839050 57.430861 12.100000 45.200000 27.400000 108.400000 31.962620 26.500000 16.566390 3.585750 -0.841400
285.865140 171.898080 39.867421 10.800000 40.600000 59.400000 114.300000 28.060470 20.600000 18.824540 3.341450 -0.456550
488.923010 229.399990 53.080549 15.200000 55.400000 28.300000 95.100000 18.085050 39.800000 11.503860 1.206400 -0.533950
362.339770 163.275310 54.938617 8.300000 57.100000 54.000000 100.300000 33.655680 20.800000 18.002390 4.413700 -0.522850
472.077300 283.137510 40.023062 16.600000 44.900000 47.700000 104.200000 27.519520 34.000000 16.490260 2.418800 -0.791550
330.724030 151.762590 54.112016 10.000000 45.000000 39.500000 110.700000 23.727080 26.200000 11.170520 2.073950 -0.713600
535.652360 352.001510 34.285455 15.700000 39.500000 74.700000 110.500000 30.175290 31.000000 19.013470 3.134450 -0.883650
522.479830 347.862500 33.420875 13.400000 39.500000 72.500000 112.800000 29.426490 24.800000 18.231900 3.697550 -0.671700
661.372590 389.895190 41.047574 10.500000 55.900000 74.000000 99.300000 32.210700 25.600000 12.935100 3.329600 -0.617700
658.286370 249.826050 62.049032 13.600000 41.900000 35.100000 110.200000 28.150590 31.500000 18.849130 3.190550 -1.128550
603.729100 409.490900 32.173072 13.300000 38.000000 76.300000 114.400000 30.910090 27.000000 15.097060 3.077250 -0.956750
338.080930 149.012540 55.924003 5.700000 40.800000 39.400000 119.200000 28.743150 17.800000 9.112040 3.502650 -1.251050
384.660200 157.971320 58.932242 7.900000 40.800000 37.900000 117.000000 23.933250 21.500000 9.306180 2.505750 -0.944500
482.874850 341.329720 29.313005 16.000000 40.200000 35.500000 109.500000 17.633540 30.200000 7.691940 1.466700 -0.499400
772.026870 365.947340 52.599145 11.600000 39.400000 53.600000 114.700000 25.979310 29.400000 11.798670 2.452050 -1.083850
214.110560 163.388070 23.689859 9.700000 30.300000 96.400000 125.700000 23.427970 15.200000 19.608820 3.019350 -0.330350
475.435820 209.423660 55.951224 11.000000 49.800000 18.100000 104.900000 28.729690 27.900000 9.643740 2.496150 -0.799300
466.260410 230.347240 50.596869 10.500000 52.200000 25.700000 103.000000 26.108790 26.600000 10.544640 2.399450 -0.594450
612.842490 328.846060 46.340852 12.100000 37.900000 42.700000 115.700000 25.663800 26.600000 9.352870 2.574350 -1.003700
689.576930 396.794740 42.458235 12.900000 35.600000 61.300000 117.200000 20.118140 28.600000 9.906310 2.000300 -0.840250
390.505590 185.872100 52.402192 8.000000 68.800000 46.000000 88.900000 19.243660 25.500000 9.347280 1.646400 -0.261800
570.440740 155.627180 72.718081 11.200000 45.500000 31.700000 109.000000 22.372630 30.700000 10.476770 1.728600 -0.827200
475.341590 186.462750 60.772894 13.200000 57.500000 47.600000 95.000000 22.551790 32.300000 14.553750 2.056150 -0.358050
499.795630 320.184420 35.936931 20.000000 35.800000 37.700000 109.900000 16.150070 37.400000 11.423440 1.324500 -0.691500
388.711410 167.466520 56.917519 10.800000 47.400000 33.600000 107.500000 24.037120 30.000000 12.677690 1.889750 -0.625100
381.900050 214.100070 43.938193 15.400000 48.700000 55.500000 101.600000 20.157890 31.900000 15.777080 1.758700 -0.367700
507.250890 343.835390 32.215912 13.500000 49.900000 78.600000 102.300000 25.222170 25.700000 18.133180 2.740000 -0.468800
475.382350 191.691890 59.676271 8.900000 51.300000 42.300000 105.500000 19.267520 24.100000 11.786300 2.433150 -0.328550
514.067580 237.095090 53.878615 10.400000 43.700000 19.700000 111.600000 24.283530 26.400000 9.217470 2.282600 -0.771900
556.997530 358.538840 35.630084 15.500000 51.400000 36.300000 98.800000 17.418170 37.700000 7.913480 1.055300 -0.483800
292.666330 154.615660 47.169987 8.000000 35.200000 56.400000 122.500000 24.819820 18.700000 12.583370 3.006050 -0.867500
513.520340 396.090480 22.867616 15.800000 33.800000 68.800000 116.100000 25.558630 27.800000 12.783920 3.125650 -0.814500
526.433430 280.790390 46.661748 14.100000 68.800000 42.600000 82.800000 23.112550 34.600000 12.624780 1.759800 -0.429550
712.845080 426.177390 40.214585 15.800000 37.900000 85.000000 112.100000 26.581410 32.600000 16.766430 2.558800 -1.085850
535.851750 419.653750 21.684729 16.900000 31.100000 91.000000 117.700000 26.698430 28.300000 16.658730 2.742300 -0.846850
424.509440 203.612570 52.035797 8.700000 59.300000 50.700000 97.700000 22.737860 21.900000 10.198230 2.953050 -0.373650
292.514930 162.941970 44.296187 8.000000 38.200000 75.400000 119.500000 21.414840 17.700000 13.149620 2.794250 -0.504100
565.133510 348.961990 38.251407 13.800000 38.900000 49.300000 113.000000 30.915440 29.300000 14.769510 3.465950 -1.061050
324.418460 161.548430 50.203688 7.000000 31.200000 59.300000 127.500000 19.557870 15.200000 12.689730 3.429600 -0.509300
489.896350 334.378730 31.745005 14.200000 40.100000 26.400000 111.400000 21.165110 31.000000 7.462720 1.531750 -0.824700
525.234710 366.136720 30.290837 13.700000 32.700000 72.400000 119.300000 28.343630 24.600000 18.245720 3.588600 -0.792000
541.054720 178.054350 67.091249 10.400000 38.400000 34.300000 116.900000 27.922850 25.600000 18.321820 4.318600 -0.963700
546.359320 187.051340 65.764043 12.900000 52.600000 23.800000 100.200000 20.014790 37.100000 10.111100 1.475300 -0.662800
341.366740 187.973300 44.935087 9.800000 41.900000 62.700000 114.000000 20.867810 20.300000 16.115930 2.805600 -0.296400
451.143610 303.875130 32.643370 18.700000 52.900000 53.100000 94.100000 22.966250 40.600000 15.581360 1.555300 -0.543950
591.672620 361.731460 38.862904 14.500000 32.100000 26.500000 119.100000 16.154880 30.400000 8.113370 1.263200 -0.830500
531.007700 422.157040 20.498885 23.800000 42.000000 75.100000 99.800000 15.983380 42.700000 12.796720 0.968850 -0.419900
711.283660 388.650790 45.359241 12.500000 33.900000 43.400000 119.300000 19.326290 29.800000 9.977010 1.714950 -1.062250
483.633940 287.267130 40.602363 12.200000 68.600000 58.200000 84.900000 26.014730 26.400000 15.417630 2.535700 -0.405700
573.160830 348.193600 39.250280 15.600000 58.900000 47.900000 91.200000 24.719470 34.100000 9.927620 1.782350 -0.469800
339.664350 160.404430 52.775606 7.800000 35.200000 68.700000 122.700000 21.023810 17.700000 13.571810 3.119500 -0.525950
524.059520 274.646930 47.592417 23.400000 68.800000 39.200000 73.500000 28.653140 51.100000 16.441040 1.658650 -0.655400
455.726520 235.153990 48.400196 14.700000 42.200000 37.700000 108.800000 28.415170 29.800000 18.451170 3.029300 -0.842300
438.757950 170.353390 61.173720 7.200000 47.800000 41.900000 110.700000 18.031880 22.900000 9.239380 1.882300 -0.439600
358.182070 191.035630 46.665217 10.500000 44.300000 46.000000 110.900000 30.184690 21.400000 19.739690 3.971100 -0.550000
255.394560 145.250060 43.127191 6.500000 37.700000 72.200000 121.500000 15.836260 17.700000 7.059080 1.622100 -0.617800
306.375310 154.388900 49.607917 11.000000 54.600000 54.000000 100.100000 19.874690 30.000000 9.635160 1.452800 -0.495250
359.563260 192.164370 46.556172 7.900000 62.900000 39.200000 94.900000 19.372150 21.900000 8.689760 1.892200 -0.288100
547.819850 350.434390 36.031089 13.900000 37.500000 46.700000 114.300000 23.903540 28.100000 13.106310 2.368550 -0.740300
675.043580 390.241040 42.190245 13.000000 37.600000 47.400000 115.100000 22.405510 30.300000 9.874360 1.784350 -0.968650
323.108800 168.536110 47.839208 10.300000 42.400000 68.400000 113.000000 27.153150 20.600000 19.412430 3.486050 -0.384450
206.980610 160.701950 22.358935 6.800000 34.800000 85.000000 124.100000 12.259020 14.300000 6.668990 1.693250 -0.361800
503.662020 327.878570 34.901073 14.400000 44.100000 82.000000 107.000000 27.184620 27.100000 15.256760 2.747350 -0.554700
598.468570 408.878480 31.679206 13.400000 41.600000 79.900000 110.600000 31.603560 28.200000 16.800670 3.036000 -0.796500
624.166470 314.343120 49.637936 9.800000 65.200000 63.400000 90.600000 27.703110 26.000000 16.481730 3.210400 -0.516750
591.746480 293.985730 50.318973 11.800000 37.200000 56.600000 116.700000 21.482430 26.800000 12.681890 2.744450 -0.773300
351.360000 185.956280 47.075285 9.300000 53.200000 37.100000 103.200000 23.676750 24.000000 11.940650 2.315600 -0.411200
484.965830 383.658210 20.889641 18.100000 30.900000 50.200000 116.700000 21.211910 29.600000 11.865650 1.976650 -0.671500
559.461920 285.823710 48.910963 11.800000 47.500000 42.400000 106.400000 27.999920 31.200000 11.342040 2.363100 -0.886000
615.051480 408.872440 33.522241 15.600000 30.900000 72.400000 119.200000 27.255050 29.500000 18.897440 2.918200 -1.187350
501.208470 275.811380 44.970726 17.500000 64.000000 56.500000 84.200000 22.616190 42.300000 16.622280 1.502400 -0.452650
437.141620 188.999080 56.764794 8.300000 50.500000 29.600000 106.900000 30.419090 23.200000 12.326480 3.385150 -0.709550
563.445540 258.978800 54.036587 10.500000 52.600000 36.900000 102.600000 31.535770 27.600000 14.823170 3.024300 -0.741400
565.256140 300.155680 46.899174 14.200000 47.800000 59.000000 103.700000 28.819430 30.200000 16.147060 3.109450 -0.725350
545.634370 399.781100 26.730954 15.700000 25.500000 76.100000 124.500000 28.314350 25.900000 19.653570 3.522950 -1.239700
503.618150 368.935630 26.742984 17.700000 39.500000 40.800000 108.500000 19.849410 33.200000 8.674490 1.430650 -0.628200
546.382900 434.447750 20.486576 19.400000 24.700000 71.600000 121.600000 14.107870 30.300000 9.452470 1.392700 -0.659200
369.287450 216.577930 41.352480 12.200000 47.000000 69.200000 106.500000 23.588170 23.900000 15.201450 2.968400 -0.417100
519.825670 291.378450 43.946891 11.500000 55.700000 57.500000 98.500000 32.150060 26.100000 16.739900 3.478850 -0.615400
619.238110 398.694630 35.615295 15.400000 42.500000 71.200000 107.800000 30.173020 30.300000 15.542310 2.811100 -0.791950
227.077840 171.375280 24.530161 9.600000 36.400000 91.100000 119.700000 20.300550 17.000000 15.640120 2.370900 -0.278750
368.110270 168.295460 54.281238 9.500000 44.000000 35.200000 112.200000 22.245170 22.900000 10.863180 2.409400 -0.565800
561.637480 413.106470 26.446064 15.600000 41.000000 81.100000 109.200000 28.463840 28.800000 15.864760 2.698900 -0.685600
456.305790 305.535710 33.041457 15.100000 42.200000 65.400000 108.400000 27.758560 26.900000 21.025330 2.901850 -0.596850
507.967530 210.862600 58.488961 10.000000 57.600000 29.900000 98.100000 30.769720 25.900000 12.281830 3.152700 -0.613100
505.979100 325.070430 35.754178 19.700000 58.000000 43.300000 88.000000 22.246050 43.500000 14.075370 1.361400 -0.533850
186.638980 169.025410 9.437241 10.200000 33.700000 107.500000 121.800000 13.659040 15.400000 11.454950 1.551300 -0.191700
630.053700 372.488480 40.879884 13.800000 43.200000 54.100000 108.700000 19.698180 29.600000 8.282040 1.748850 -0.574950
237.295610 170.140620 28.300140 11.300000 35.100000 90.900000 119.300000 17.177130 18.200000 14.366530 1.990950 -0.229700
505.340180 310.889540 38.479157 10.200000 62.400000 45.900000 93.100000 21.953860 28.900000 10.403940 1.715950 -0.398150
514.821700 403.413470 21.640158 18.400000 40.200000 67.500000 107.100000 27.312740 31.200000 16.327680 2.324550 -0.643600
347.907660 194.228170 44.172494 11.700000 44.700000 48.500000 109.300000 27.395330 22.500000 18.636630 3.379700 -0.478550
511.204290 328.884960 35.664671 14.700000 49.000000 45.300000 102.000000 24.568630 33.400000 13.371730 1.917600 -0.610300
607.081120 324.396030 46.564632 12.700000 37.100000 45.000000 115.900000 20.122720 29.800000 12.140410 2.074300 -0.806950
513.204230 379.101880 26.130406 18.300000 33.800000 61.500000 113.600000 20.953380 30.500000 14.604950 2.070600 -0.629150
477.775630 280.001110 41.394853 13.300000 46.400000 49.300000 106.000000 32.867780 28.200000 18.261230 3.319700 -0.778350
461.550150 272.521840 40.955097 15.400000 43.700000 36.000000 106.600000 27.150730 28.700000 14.423060 2.802500 -0.666200
628.849280 397.238060 36.830959 14.000000 37.300000 45.500000 114.400000 21.035790 29.900000 8.558430 1.587100 -0.831150
459.850910 214.097590 53.441956 12.500000 52.400000 32.500000 100.800000 19.423020 28.100000 10.691730 1.933050 -0.422650
573.015960 348.904680 39.110827 17.500000 43.400000 26.500000 104.800000 13.706290 39.500000 8.483460 0.867000 -0.560000
442.474930 162.247210 63.331886 7.000000 51.100000 42.000000 107.600000 27.793600 21.700000 10.943820 3.235800 -0.775950
481.716470 194.770310 59.567438 15.000000 50.500000 38.100000 100.200000 19.656950 30.600000 12.187210 2.080400 -0.408550
626.913630 404.445210 35.486295 10.400000 37.100000 83.100000 118.200000 32.215840 23.000000 15.655790 3.939850 -1.017850
641.702910 394.120290 38.582125 12.100000 47.500000 75.300000 106.100000 29.772280 26.000000 13.680040 3.266300 -0.647200
511.837520 383.658520 25.042908 14.900000 44.600000 78.400000 106.200000 29.514850 26.200000 18.740820 3.067700 -0.572500
244.511070 167.648600 31.435170 6.900000 35.500000 71.300000 123.300000 17.165340 14.000000 9.944400 2.692250 -0.415550
532.598770 338.507920 36.442226 13.300000 42.700000 43.500000 109.700000 28.420880 27.000000 9.297110 2.773400 -0.879800
419.305660 163.929160 60.904616 12.000000 51.200000 45.700000 102.500000 28.675380 27.600000 16.024400 3.057000 -0.572450
491.748530 385.523150 21.601565 16.000000 24.000000 56.600000 125.700000 21.370520 25.600000 13.045350 2.414300 -0.913850
600.691500 395.292560 34.193748 18.700000 41.800000 73.300000 105.000000 28.864290 34.500000 21.590480 2.530100 -0.809250
160.158040 138.444350 13.557665 4.700000 27.500000 112.900000 133.500000 10.973460 8.900000 6.500850 2.430150 -0.419750
538.565700 296.703850 44.908513 15.300000 40.300000 42.300000 110.100000 25.062500 30.100000 16.065900 2.691050 -0.782550
512.041740 361.811930 29.339368 13.900000 38.100000 40.500000 113.700000 22.363320 28.200000 8.518520 1.913300 -0.797450
636.920900 346.319240 45.626020 9.300000 45.500000 44.000000 110.900000 30.214700 25.400000 9.469370 2.871300 -1.038400
523.972050 234.082680 55.325350 11.000000 54.200000 45.100000 100.500000 37.821750 26.000000 20.946560 4.428700 -0.812900
497.044150 228.971090 53.933450 14.900000 53.000000 36.600000 97.800000 18.681470 30.100000 10.979850 1.946750 -0.397600
502.377940 314.282730 37.440977 17.600000 37.000000 37.200000 111.100000 15.897790 31.500000 10.328510 1.573750 -0.508600
408.362580 188.167800 53.921390 10.200000 44.500000 33.300000 111.000000 31.592020 22.600000 15.079290 4.104150 -0.725950
563.378080 322.601140 42.738074 15.500000 41.400000 47.400000 108.800000 27.840370 31.700000 16.172800 2.687900 -0.877900
485.291200 291.063630 40.022891 12.100000 44.600000 54.100000 109.000000 30.322320 26.100000 18.734560 3.291750 -0.689250
583.351970 344.936140 40.869979 8.500000 60.300000 58.600000 96.900000 22.887490 23.500000 8.159200 2.472300 -0.416150
592.143220 226.656940 61.722615 9.200000 72.100000 33.300000 84.400000 30.544690 30.300000 10.897360 2.448650 -0.549200
500.908100 365.869800 26.958698 15.500000 37.700000 76.600000 112.500000 23.667280 25.300000 19.177300 2.663100 -0.503800
580.113130 289.980370 50.013135 8.500000 59.100000 50.300000 98.100000 28.761780 25.500000 8.833080 2.831150 -0.634600
442.908760 150.267080 66.072678 8.000000 40.100000 27.300000 117.600000 26.899810 22.700000 10.529450 3.349150 -1.022550
430.992130 226.154580 47.526982 13.900000 75.900000 41.200000 75.900000 15.002750 43.900000 9.425090 0.786450 -0.252700
496.181220 312.829330 36.952606 15.000000 36.600000 30.600000 114.100000 20.781420 29.500000 9.588790 1.820650 -0.718600
519.927110 317.942950 38.848553 15.700000 44.200000 79.600000 105.800000 16.167300 30.000000 11.410150 1.607750 -0.386000
590.449400 292.843970 50.403206 9.900000 48.800000 25.600000 107.000000 26.889070 29.500000 8.798070 2.039950 -0.910000
448.613400 230.569580 48.603947 12.600000 57.200000 34.800000 95.900000 26.267050 26.700000 13.151400 2.705250 -0.504700
497.271290 193.156580 61.156700 11.100000 55.000000 44.700000 99.600000 31.096580 29.100000 18.715390 3.395250 -0.689100
502.416760 181.762840 63.822298 10.700000 60.900000 37.700000 94.100000 33.030370 27.800000 16.561460 3.241450 -0.575350
518.389500 359.045440 30.738288 16.200000 29.100000 34.800000 120.500000 17.553940 28.500000 8.960600 1.659750 -0.724900
470.959090 353.656090 24.907259 16.100000 34.600000 47.600000 115.000000 26.157670 28.400000 13.147070 2.471700 -0.800950
563.058640 358.422370 36.343687 21.000000 50.700000 52.800000 94.000000 29.471470 41.000000 19.100370 2.035250 -0.772150
552.844680 345.264250 37.547694 12.400000 57.800000 66.900000 94.200000 24.211210 27.400000 14.299970 2.361350 -0.458900
184.295710 149.960530 18.630483 8.200000 36.800000 95.900000 120.700000 14.792470 15.800000 10.166070 1.740850 -0.303950
320.542940 169.368210 47.162084 8.700000 39.600000 71.700000 117.400000 26.145880 18.000000 17.837630 3.809750 -0.459550
441.872060 264.845750 40.062798 21.400000 64.100000 37.700000 80.200000 23.927250 48.000000 14.593790 1.339200 -0.551600
638.725710 363.556270 43.081003 12.300000 43.800000 73.900000 109.600000 32.279540 27.700000 19.356570 3.737950 -0.828500
475.597370 318.723130 32.984674 25.400000 50.300000 57.700000 90.000000 19.008980 50.400000 16.111320 1.066800 -0.470850
480.176280 352.289180 26.633365 18.800000 36.900000 35.800000 110.000000 17.432630 34.100000 8.527570 1.291300 -0.580050
619.679820 410.489330 33.757835 12.500000 36.300000 72.700000 116.900000 22.308100 25.800000 11.824440 2.437300 -0.663150
576.692040 407.651280 29.312137 15.000000 38.700000 64.600000 112.000000 22.604750 30.900000 10.595150 1.901150 -0.767550
298.428800 141.256750 52.666515 7.200000 41.300000 62.200000 117.300000 22.124390 18.100000 11.999050 3.043500 -0.588450
495.811750 394.874620 20.357954 16.900000 43.500000 84.700000 104.300000 25.648840 32.000000 16.699400 2.107450 -0.580250
499.577530 305.069950 38.934413 13.000000 48.500000 27.600000 104.200000 20.337020 31.100000 8.165790 1.505650 -0.552950
490.154380 172.248110 64.858396 9.900000 53.500000 46.700000 102.300000 28.589440 25.400000 17.107620 3.569850 -0.461850
576.870250 396.686390 31.234729 13.100000 31.100000 61.800000 121.500000 27.656070 25.100000 12.687590 3.008550 -1.141600
495.519290 319.259210 35.570781 15.700000 37.900000 37.900000 112.100000 18.574320 29.900000 10.423460 1.756050 -0.564800
614.183200 357.258640 41.831909 10.100000 44.800000 76.300000 110.800000 34.763270 24.200000 14.900900 4.126500 -0.941100
644.721450 290.885520 54.881985 12.700000 35.400000 22.600000 117.600000 19.419870 29.200000 9.216120 1.631950 -0.880800
350.819790 215.773030 38.494624 16.900000 61.300000 53.800000 87.500000 26.385260 36.300000 18.066830 1.932750 -0.448250
459.806860 187.742020 59.169374 13.100000 48.100000 30.800000 104.500000 18.008890 29.500000 9.472120 1.630700 -0.394100
577.301810 422.451890 26.823044 14.000000 32.800000 89.800000 117.600000 30.718460 26.500000 18.586730 3.159000 -1.000300
403.207770 184.370160 54.274155 10.100000 40.700000 32.900000 114.900000 16.949780 23.800000 10.782450 2.023300 -0.414750
246.836410 162.416710 34.200668 7.100000 33.800000 67.200000 124.800000 14.452350 15.700000 7.621260 1.898500 -0.454000
515.488090 385.081270 25.297737 15.200000 34.200000 87.100000 116.200000 26.964170 25.600000 21.653600 2.904700 -0.621600
488.586730 429.246920 12.145195 17.600000 25.200000 75.400000 122.900000 20.843780 28.100000 11.435260 1.825100 -0.885100
508.030730 330.884230 34.869249 15.400000 41.300000 62.000000 109.000000 28.381030 28.900000 20.537260 2.930600 -0.709450
464.735800 300.055710 35.435206 15.500000 32.300000 30.400000 117.900000 16.940120 28.600000 10.460150 1.756100 -0.646050
402.679110 171.592100 57.387385 12.500000 36.400000 24.500000 116.800000 18.729870 27.600000 11.839980 1.900750 -0.677000
485.140840 363.835230 25.004205 20.100000 35.100000 74.500000 110.500000 24.960720 35.100000 19.422710 2.035450 -0.775500
519.367240 330.216840 36.419394 14.900000 30.600000 40.800000 120.200000 25.181310 27.400000 14.482820 3.489400 -1.023750
512.954430 288.396720 43.777322 14.600000 34.000000 36.100000 117.100000 28.566310 27.900000 17.624480 3.317250 -1.095000
204.969940 159.991600 21.943871 8.600000 36.100000 97.200000 120.900000 26.656520 13.900000 20.213030 3.707650 -0.369450
516.395080 335.388250 35.052005 17.400000 54.500000 50.700000 93.800000 26.730380 40.100000 17.969950 1.718500 -0.644500
590.108370 326.197560 44.722431 12.600000 58.400000 33.300000 94.700000 26.207090 34.000000 9.006150 1.661200 -0.645450
474.671440 350.415100 26.177336 17.500000 24.900000 59.300000 123.300000 26.780250 26.100000 21.822000 3.231850 -1.033150
489.414740 197.359220 59.674443 16.200000 59.300000 41.600000 90.200000 29.859810 36.100000 18.539090 2.476000 -0.566150
498.632350 375.679020 24.658113 16.200000 37.600000 51.600000 111.900000 21.335840 30.300000 10.330400 1.760150 -0.650950
511.068360 388.282360 24.025357 14.300000 33.000000 51.000000 118.400000 23.623280 26.500000 10.454330 2.249550 -0.866850
537.432000 404.072140 24.814276 17.600000 30.300000 59.900000 117.800000 18.203430 29.400000 10.236570 1.786050 -0.628200
305.842770 201.680080 34.057594 10.400000 54.000000 68.100000 101.300000 19.466370 19.800000 14.198410 2.160450 -0.251950
500.823330 261.115460 47.862760 10.900000 63.000000 60.400000 91.700000 30.964470 25.000000 21.657770 3.637150 -0.505500
658.966010 260.386830 60.485545 11.000000 56.600000 40.300000 98.100000 25.260940 27.100000 11.549570 2.819600 -0.532750
530.307330 340.668500 35.760175 12.100000 49.400000 75.700000 104.300000 31.877700 23.600000 22.042940 3.986000 -0.600600
291.869800 172.912400 40.757009 6.200000 47.300000 50.000000 112.200000 20.811880 16.200000 9.547870 2.869350 -0.472050
595.444880 310.715800 47.817874 13.400000 54.000000 35.700000 98.300000 21.851490 34.000000 8.628850 1.534800 -0.554700
714.381760 230.086730 67.792189 11.600000 56.700000 51.300000 97.400000 33.075030 32.800000 20.691510 3.644650 -0.912750
584.013130 269.199280 53.905269 13.600000 56.300000 27.900000 95.800000 30.116230 35.500000 14.023740 2.100700 -0.809600
646.136910 277.125000 57.110483 9.500000 63.800000 37.200000 92.400000 33.220730 26.200000 9.737640 3.373850 -0.639100
512.409950 383.171490 25.221692 17.600000 33.000000 73.600000 115.100000 17.459000 31.500000 13.292780 1.599400 -0.545900
560.463390 341.679640 39.036225 12.400000 47.200000 52.200000 106.100000 34.592450 26.200000 16.293270 3.635750 -0.734800
486.225930 257.037500 47.136201 16.700000 51.200000 18.900000 97.800000 16.070880 39.900000 7.909570 0.944100 -0.544600
491.903640 410.146090 16.620643 17.800000 32.700000 54.700000 115.200000 15.870250 31.100000 8.021240 1.233000 -0.551050
681.636750 357.704680 47.522683 12.100000 65.800000 57.800000 87.800000 27.656540 34.500000 10.586630 2.067600 -0.560200
614.259710 377.385720 38.562515 18.500000 38.400000 52.600000 108.800000 25.768810 36.100000 17.043380 2.238900 -1.021700
417.475470 146.388150 64.934910 7.600000 31.400000 27.700000 126.700000 21.932450 20.200000 11.037230 2.919800 -1.049400
730.666540 257.099170 64.813064 14.000000 49.200000 37.300000 102.500000 27.355540 33.800000 16.063210 2.581100 -0.891750
492.986100 282.072030 42.782965 14.500000 47.800000 44.600000 103.400000 29.217880 27.300000 16.302320 3.306500 -0.639600
445.292280 250.061000 43.843401 11.600000 36.200000 47.600000 117.900000 22.911840 23.700000 16.346280 3.159100 -0.624100
510.289870 281.652050 44.805479 15.900000 31.700000 26.600000 118.100000 20.967010 29.900000 11.621500 2.139500 -0.954100
571.325420 218.432950 61.767332 13.000000 66.200000 51.800000 86.500000 25.699710 35.800000 17.618760 2.286050 -0.503400
393.317580 174.623730 55.602358 11.400000 49.800000 49.500000 104.500000 32.519180 25.200000 20.857090 3.864550 -0.559050
579.154510 329.611680 43.087436 14.000000 55.700000 38.400000 96.000000 18.752370 31.100000 8.837040 1.480050 -0.387600
282.077570 131.010900 53.555010 8.400000 31.500000 66.800000 125.800000 21.157180 17.600000 15.062710 3.759000 -0.476850
457.300570 154.557760 66.202150 8.500000 42.200000 46.900000 115.000000 24.348540 22.400000 12.564410 3.086000 -0.753800
347.109380 178.566800 48.556043 9.200000 45.900000 66.900000 110.600000 19.209230 22.200000 13.450210 2.311800 -0.280800
553.570240 276.892840 49.980541 11.100000 49.600000 36.200000 105.000000 24.720530 27.600000 12.264860 2.400300 -0.595900
439.034660 199.656700 54.523704 13.800000 40.000000 35.500000 111.900000 24.972700 28.900000 18.895000 2.853950 -0.784850
550.055340 237.346540 56.850425 11.100000 61.700000 29.400000 92.900000 28.389420 28.000000 11.343110 2.596550 -0.552500
465.046770 417.960890 10.124977 24.000000 26.000000 81.300000 115.700000 24.081480 34.300000 19.319550 1.679600 -0.737100
467.857650 316.895460 32.266693 15.300000 44.600000 56.700000 105.800000 31.682020 26.000000 20.055050 3.661900 -0.655250
406.855460 152.638120 62.483453 9.300000 45.000000 52.700000 111.400000 21.631140 25.500000 11.308940 2.225600 -0.688000
483.027710 200.056490 58.582813 7.600000 60.400000 36.700000 97.700000 27.550130 23.300000 10.124920 3.099250 -0.513150
372.153770 154.063640 58.602155 7.700000 42.800000 39.100000 115.200000 24.521860 22.300000 10.009760 2.401800 -0.881900
305.676130 162.098210 46.970603 8.700000 49.400000 53.700000 107.600000 18.159870 21.100000 9.461460 2.007000 -0.359600
495.366000 378.900910 23.510917 19.400000 26.600000 47.900000 119.700000 18.784710 30.200000 13.011200 1.870800 -0.777650
518.254920 388.179470 25.098739 18.100000 33.700000 64.100000 113.900000 26.867750 29.600000 18.067620 2.693850 -0.782200
530.608640 165.048070 68.894575 10.800000 67.900000 36.200000 87.000000 22.464610 33.500000 10.178650 1.672200 -0.399650
571.159690 232.207210 59.344608 11.400000 59.300000 24.400000 95.000000 28.112410 28.900000 10.074720 2.468950 -0.568400
245.245150 140.382190 42.758424 7.100000 40.200000 59.300000 118.400000 19.087560 16.800000 8.134440 2.369200 -0.626900
457.536830 280.646720 38.661393 14.200000 47.300000 31.100000 104.200000 21.470540 30.300000 9.195640 1.726200 -0.532400
536.913400 244.106290 54.535258 10.600000 37.900000 17.700000 117.200000 20.151740 26.500000 8.698540 1.895400 -0.779600
580.000110 395.165580 31.868016 14.400000 51.700000 55.800000 99.600000 20.543940 31.100000 8.686160 1.560450 -0.434250
479.107380 267.930350 44.077182 12.900000 61.700000 44.700000 91.100000 22.990900 27.400000 11.186170 2.258400 -0.408300
519.871330 366.339970 29.532569 15.000000 36.300000 46.400000 114.400000 23.084890 29.100000 11.976450 2.092050 -0.715950
463.643580 260.327760 43.851749 13.400000 40.800000 18.200000 111.500000 22.470730 29.500000 8.017930 1.825650 -0.803350
486.407650 426.235110 12.370805 19.000000 31.300000 89.100000 115.400000 20.274650 29.600000 13.605450 1.700750 -0.521850
684.449300 214.141060 68.713379 6.400000 59.500000 41.600000 99.800000 27.848730 24.800000 10.597070 3.197550 -0.579800
442.209290 201.545440 54.423065 15.600000 69.700000 48.400000 80.400000 26.354420 42.500000 18.022450 1.668600 -0.457600
501.572080 414.519520 17.355942 19.800000 41.000000 79.200000 104.700000 25.654150 33.500000 18.453930 1.899000 -0.581300
642.599950 308.088850 52.055886 13.900000 46.700000 54.300000 105.100000 24.573510 30.800000 11.266110 2.390050 -0.645500
238.616990 156.345530 34.478459 8.200000 36.300000 75.800000 121.200000 26.572420 15.900000 15.301860 3.600000 -0.691400
465.493560 371.614430 20.167654 17.200000 43.700000 84.600000 104.800000 21.227970 30.500000 14.733420 1.780500 -0.412850
478.916220 401.199640 16.227594 19.900000 30.500000 72.500000 115.300000 29.325140 30.700000 19.660270 2.585650 -0.858100
232.942070 172.306390 26.030369 10.000000 43.900000 87.700000 111.800000 27.253010 16.900000 20.686880 3.321850 -0.350100
