0.452799 9.896260 19.242000 2.263130 1.072660 0.054657 0.191543 -1.490160 153.378000
0.924961 15.750100 11.379000 1.055050 0.339051 0.050088 0.158299 0.347778 102.637000
0.528429 9.361620 15.088900 1.277630 1.023120 0.073141 0.114705 3.559900 118.463000
0.747540 9.764220 15.401700 2.979090 0.496356 0.083155 0.059249 0.346282 98.982600
1.183550 14.888200 6.073010 1.825330 1.290850 0.159919 0.073355 -2.381340 118.447000
0.688238 10.150400 9.603240 2.104990 1.029830 0.153604 0.152171 3.235790 127.027000
0.587351 8.256970 11.104500 1.400230 0.589348 0.122726 0.090022 -0.210583 89.564400
0.318569 14.319900 13.699800 1.865570 1.166360 0.192180 0.099933 -3.025880 157.897000
0.968664 8.586340 10.582400 1.988430 1.406360 0.126407 0.108533 -1.940600 154.506000
0.792630 8.948490 17.490100 1.207650 0.860571 0.008084 0.149829 -2.962850 148.130000
0.603991 19.607800 6.781950 2.323230 0.544868 0.040145 0.154742 -2.384820 111.029000
0.681794 12.218300 8.262880 2.646330 1.253590 0.080000 0.113758 -0.597659 135.901000
0.431459 15.540800 7.720130 2.133590 0.379563 0.119793 0.096813 -3.584220 106.984000
1.361520 13.891200 11.397000 0.972484 0.450392 0.095697 0.151621 2.506230 128.185000
0.630337 10.158800 16.359200 1.307570 1.180200 0.183013 0.051427 -0.600609 101.182000
1.110520 14.258000 18.526000 2.216750 1.044970 0.199234 0.102170 -0.211773 108.801000
1.056900 12.579800 7.144790 2.344110 0.689755 0.024749 0.069465 2.393260 117.188000
0.569671 19.270500 16.850700 1.416560 0.964702 0.182830 0.147400 3.354440 157.392000
0.811309 10.034300 6.006340 2.130300 1.656190 0.035213 0.083597 -3.066990 150.899000
0.577110 20.361300 9.888730 2.736660 0.566046 0.184864 0.192367 -1.481010 158.263000
1.219640 14.009800 6.050390 1.432610 0.913993 0.022684 0.089294 0.028242 115.018000
0.418045 16.913800 6.586890 1.194560 0.855691 0.090763 0.151408 1.539730 142.996000
0.612960 18.102300 15.571700 2.362180 0.659297 0.152051 0.054791 -0.938350 85.055000
0.666637 9.690310 6.165610 2.559090 1.476670 0.135521 0.055732 -2.863520 95.669900
1.188390 20.743300 12.862100 0.838004 0.484971 0.056120 0.136551 -0.465847 134.682000
0.991162 7.941800 11.341000 0.791942 1.074190 0.030636 0.109353 -0.135754 140.613000
1.317380 14.841100 12.718300 2.239880 0.331002 0.180124 0.115561 -3.237890 80.619200
0.695939 16.785800 8.724100 0.881109 1.070300 0.185158 0.073143 0.422255 132.812000
0.658084 13.280700 7.607970 1.866670 1.276300 0.170564 0.103047 1.057540 158.667000
0.750223 19.326000 18.116900 2.418370 1.042680 0.117348 0.120337 -3.546450 137.405000
0.313167 9.592700 10.126700 0.228638 1.552770 0.060901 0.055211 -1.638830 147.760000
0.917708 13.404600 14.690800 2.114190 0.863180 0.189097 0.162187 -2.510480 109.827000
0.449336 12.787400 18.903900 2.042660 0.892244 0.154425 0.058184 1.877790 117.430000
0.937908 17.027900 11.130800 2.454440 0.643304 0.081193 0.132425 -2.805450 147.794000
1.070930 20.840200 15.660700 1.722920 0.552832 0.060314 0.104196 -3.373400 128.932000
0.972426 16.488300 15.746900 2.988710 0.683143 0.118951 0.199314 2.542660 158.111000
0.935811 18.815200 8.025110 0.671719 0.532542 0.047536 0.138389 2.304250 123.098000
1.106250 7.664390 11.102000 1.636900 1.324320 0.143147 0.080023 1.407220 133.010000
0.315020 18.405400 12.166700 0.753169 0.543724 0.133383 0.199266 3.111280 112.300000
0.777862 11.088400 16.419700 2.824670 1.118820 0.154946 0.057271 -1.662330 149.610000
0.647102 13.853300 15.805000 2.946180 0.626014 0.160283 0.126636 -2.924050 104.989000
0.498768 20.065900 19.947700 1.007620 0.773072 0.129317 0.092216 -3.839890 92.602300
0.638327 17.151000 6.753020 1.519840 1.112590 0.187899 0.097682 -0.784926 103.567000
0.907162 12.338700 11.350100 1.336420 0.611529 0.046606 0.149343 -1.947650 115.992000
0.550505 19.586000 15.253300 2.665730 0.694470 0.062041 0.112518 -3.079520 80.286600
0.308062 20.181600 16.970400 1.853790 0.732671 0.085764 0.174638 0.456097 90.651300
1.086810 10.814100 6.101680 2.427940 0.869304 0.065390 0.124593 -3.421250 111.846000
1.158890 9.407000 9.776170 2.312590 1.173400 0.071581 0.113819 1.600100 112.112000
0.407321 6.509000 6.452510 2.889380 1.637220 0.107787 0.084628 -2.826210 108.122000
1.369860 20.568900 18.304200 1.735000 0.568379 0.180288 0.102830 1.008620 143.326000
0.852500 14.491300 10.369000 1.308260 0.836279 0.163087 0.117417 1.169950 129.312000
0.846378 13.165100 7.360610 2.287930 0.315212 0.051160 0.183427 1.010610 129.723000
1.178410 8.862100 6.829520 0.959796 0.962121 0.026911 0.059569 2.819940 150.041000
1.356350 15.613800 13.144800 1.249340 0.646607 0.045357 0.133744 -3.827190 110.542000
1.181060 7.116430 13.372000 1.910940 1.157600 0.053652 0.129973 -1.637850 159.672000
0.595913 14.330400 16.216700 2.830210 0.454119 0.118056 0.079106 0.198569 134.403000
0.379965 8.284960 11.202400 1.825460 0.877111 0.064205 0.185704 0.581319 114.984000
0.921819 6.206270 8.002580 1.458130 1.086060 0.170642 0.120064 0.337641 125.812000
1.359360 13.608300 19.720600 1.597100 0.864952 0.143507 0.108410 -3.390820 113.628000
1.335470 7.366540 11.952600 0.790721 0.546066 0.053845 0.124251 -0.288478 81.336900
1.015530 14.058100 15.897300 2.474400 0.707799 0.100362 0.146956 -1.935090 146.844000
0.614312 15.246400 15.993600 0.897653 1.063860 0.167881 0.100432 0.209581 127.347000
0.663156 14.240500 16.353600 0.789068 0.539443 0.063605 0.184133 0.935064 141.331000
0.524901 15.380600 18.914900 2.164950 1.005640 0.141564 0.177956 1.698990 148.153000
1.301190 9.951720 15.833200 1.145930 0.950767 0.097993 0.051093 2.291460 154.774000
0.864146 10.956400 10.962900 2.382330 0.757648 0.025556 0.090445 3.705960 105.620000
1.350020 18.495300 15.925700 0.890629 0.536724 0.026360 0.146148 0.365746 125.031000
0.505871 14.017500 11.328900 1.506510 0.512802 0.062336 0.051720 -3.282990 97.255800
0.452135 6.587560 5.511860 2.378050 0.914976 0.053382 0.197129 -2.983340 115.118000
0.639775 9.335550 19.003300 1.353910 1.087970 0.182003 0.087530 2.216290 146.286000
0.632708 16.206800 15.770800 1.245660 0.447323 0.038036 0.185332 0.360384 112.490000
0.685198 11.314600 9.547490 2.256360 0.984497 0.172322 0.101785 -3.932190 84.836400
1.285600 20.987600 5.625730 1.798440 0.852597 0.009914 0.052309 0.392573 109.338000
0.561083 15.240400 17.967900 1.930910 0.504914 0.123458 0.115327 -3.990700 108.543000
1.250080 9.973340 15.561300 2.235330 0.514580 0.106444 0.064574 -1.116790 82.862000
0.701626 16.061400 10.744500 1.339720 0.888785 0.158083 0.106009 -3.914700 119.718000
1.258210 19.597600 11.968300 2.797610 0.740106 0.065065 0.193901 1.820500 137.477000
0.819200 18.036000 16.968600 0.402845 1.037650 0.094648 0.053975 -3.741840 128.830000
1.340270 6.819860 17.690400 1.654070 0.847247 0.165465 0.199649 0.773100 128.532000
1.378860 14.190500 5.686770 2.982240 0.929334 0.186162 0.094436 -1.298710 92.874500
0.435254 12.603000 11.726100 1.391090 1.272890 0.081754 0.053350 1.901850 94.922000
0.605821 11.634400 14.141100 1.804410 1.333970 0.143849 0.078720 -0.711208 153.057000
0.632132 10.418800 8.406910 0.435957 0.600894 0.062604 0.117801 1.099280 125.392000
0.496300 14.175700 11.941000 1.403780 1.146720 0.059459 0.117938 3.384450 129.490000
0.644901 8.569150 13.016400 1.365050 0.819459 0.110600 0.081921 1.113590 132.915000
1.190520 15.831500 11.094500 2.970710 0.670144 0.055938 0.078983 2.725820 151.462000
0.564173 15.051500 7.844020 1.048890 1.452800 0.113134 0.056604 -1.077290 156.037000
0.908816 11.581800 14.810900 2.589970 1.526200 0.184398 0.070648 -3.501350 122.614000
0.419052 15.155000 8.437960 1.839000 0.931290 0.168468 0.177690 -2.022830 92.716600
0.958181 10.147900 17.083700 0.887556 0.588475 0.038835 0.135949 -2.713240 97.777300
0.693923 16.481500 17.587300 2.942820 0.884417 0.132801 0.152335 1.778520 113.454000
0.589977 15.813500 18.938200 2.311010 0.606862 0.022120 0.136226 -0.662772 114.371000
1.234750 18.087100 12.605800 0.647837 0.553682 0.104932 0.091692 -0.966970 105.913000
0.815479 8.028470 9.841920 2.870670 1.072260 0.060275 0.173253 -1.383570 87.907300
0.529145 18.370300 6.898120 1.793900 0.952336 0.082432 0.076797 1.145830 124.550000
0.572074 19.436000 9.967260 2.613640 0.962673 0.085122 0.176518 -0.628597 156.744000
1.022430 12.656900 17.246300 2.719220 0.641062 0.105118 0.184594 1.814980 116.096000
1.148340 13.732000 13.526000 2.842500 0.412338 0.016217 0.196439 0.416114 138.099000
0.608327 14.275000 13.363200 2.942280 1.455420 0.160749 0.079567 -1.329950 156.086000
0.790246 9.460350 8.090920 2.581850 1.038380 0.012605 0.149972 -3.053520 111.645000
1.061120 12.275800 19.574200 1.751920 0.774428 0.060031 0.060671 -0.673099 137.877000
0.823735 16.784000 19.864700 1.926880 1.027090 0.178491 0.121782 0.706003 148.674000
0.363684 12.049200 6.849230 1.267770 1.027310 0.110081 0.130263 -3.628370 151.333000
1.004380 18.942500 16.404300 1.571780 0.667625 0.153446 0.170374 0.691093 121.856000
0.837388 9.653310 14.344200 1.593760 0.798078 0.024377 0.117238 -3.433400 135.934000
0.857096 10.837200 8.267460 1.469730 1.773390 0.101048 0.050898 -3.243080 107.399000
0.307668 20.964700 16.736000 1.814170 0.699459 0.050411 0.163481 -2.575450 124.925000
0.320148 10.284800 16.206600 2.850690 0.979197 0.175807 0.179278 1.697160 145.785000
0.373661 14.992300 18.295800 1.934090 1.283570 0.130563 0.074193 0.006387 146.087000
0.356603 7.794330 12.091800 0.220446 1.200540 0.089583 0.127442 -2.966890 120.927000
0.394314 18.084300 18.529900 1.626220 0.550976 0.010609 0.154043 -1.529150 82.306100
0.426784 15.165200 9.236340 1.485710 1.305430 0.039961 0.064879 -0.018503 136.646000
1.074220 7.005220 5.791150 0.724635 0.903333 0.118617 0.062290 -1.037040 113.524000
0.438043 13.800700 18.156600 1.812030 1.344500 0.156497 0.073888 0.853986 116.669000
0.341033 20.727400 9.086230 2.573690 0.598665 0.025375 0.174701 0.929707 104.108000
0.388002 18.818800 6.957750 2.851320 1.311740 0.030429 0.107549 -0.250330 158.214000
0.488331 16.023300 14.427700 0.982291 0.696464 0.141625 0.182626 -3.245720 127.427000
0.714757 13.435800 15.849500 1.453910 0.706336 0.119605 0.114591 0.087661 90.406300
1.001570 7.606790 16.401600 1.290320 1.359030 0.115886 0.051255 2.673670 150.393000
1.165410 15.667400 13.653600 1.861050 0.912503 0.154317 0.092445 3.039030 132.428000
0.866490 15.554800 19.325400 2.845270 0.790306 0.084145 0.151070 -3.938690 136.819000
0.678913 12.287100 15.049500 1.013170 1.075590 0.073996 0.066768 -1.086790 83.551400
1.242460 20.668200 6.058960 2.338650 0.293487 0.022938 0.147232 -2.519030 80.169500
0.582543 7.418320 17.772700 2.738780 1.596790 0.144633 0.071546 -2.066160 139.138000
0.455391 6.600000 16.069100 1.122470 1.351190 0.132110 0.112983 -2.812000 145.664000
0.316245 19.054600 9.717520 2.657630 0.806778 0.086512 0.197576 0.827379 112.376000
1.150580 10.727300 5.991930 1.001300 1.605720 0.186222 0.058456 -1.324780 147.961000
1.345390 9.665540 11.421900 2.445600 1.045810 0.158748 0.083577 -0.845060 116.529000
0.710297 8.628630 17.424000 2.557270 1.454700 0.139599 0.069258 -2.996500 112.218000
0.672895 6.390880 7.799660 0.725889 1.401010 0.047054 0.073418 -0.645851 126.187000
0.711425 15.449100 11.178800 1.342790 0.692848 0.102605 0.099914 -2.798740 94.392100
1.011930 7.834030 15.425700 2.457690 0.766693 0.038584 0.183994 0.465598 81.920900
0.675347 19.159000 10.149100 1.954000 0.710885 0.101142 0.188471 1.710720 81.640600
0.921582 6.794130 6.806570 2.004820 1.838580 0.102338 0.054741 0.145407 138.176000
0.660983 12.369400 8.276230 2.383910 1.155630 0.038493 0.121462 1.096540 109.195000
0.725560 16.646700 19.766400 1.763060 0.782390 0.045262 0.089536 2.059680 83.962800
0.543950 16.900900 6.744090 0.839891 0.651206 0.021044 0.149227 2.054010 101.978000
1.253670 7.195830 12.045800 2.222530 0.935157 0.188649 0.143637 -3.636050 98.716900
0.941367 14.638100 6.926050 1.793360 1.025020 0.031964 0.076497 -3.999850 88.258300
1.332500 18.005900 17.559800 2.866450 0.484248 0.192824 0.098151 -3.165590 120.561000
1.247540 14.314800 6.585720 2.612100 1.084800 0.100744 0.105407 -1.442610 141.380000
1.085770 13.193600 8.191590 2.674870 0.813358 0.184844 0.089665 0.763158 142.280000
1.193730 8.589510 11.473900 2.090310 0.825307 0.036037 0.084129 3.317560 102.435000
0.926508 7.697670 7.181230 1.068410 0.916143 0.034913 0.085751 2.650130 86.150300
0.556035 7.018660 15.768700 2.547260 1.609640 0.061663 0.050217 -1.342400 93.123400
1.333690 19.858700 7.489040 2.048990 0.770591 0.116497 0.103174 0.428350 92.131200
0.478990 13.421700 11.611200 2.619040 1.709300 0.035384 0.056240 -1.287860 139.525000
0.890470 9.372970 7.248620 2.468130 1.050090 0.150195 0.110322 -0.394232 86.068300
1.239020 13.870100 12.425400 0.992317 0.764419 0.190225 0.147426 -2.288030 152.046000
1.305270 11.579500 19.434200 1.875370 0.676546 0.116416 0.073384 -0.025282 89.991500
0.634250 12.537700 10.185400 0.818158 1.012690 0.080504 0.081610 1.283430 127.400000
0.944674 13.084800 14.059400 1.486350 0.541016 0.048422 0.172470 -0.432897 122.940000
1.210050 10.797900 16.647400 1.157930 0.427694 0.135676 0.167114 -3.846600 117.522000
1.200810 10.881600 16.813100 1.613110 0.618992 0.051731 0.081190 0.471945 95.577500
0.800047 6.807460 12.346900 2.878950 1.167770 0.114568 0.144119 -2.454530 118.173000
1.393700 13.602700 13.115000 0.830275 0.772014 0.054103 0.106635 0.033355 130.718000
1.346410 10.138600 10.190000 2.832570 0.881475 0.011946 0.199090 -2.074530 122.655000
0.491262 12.769000 15.023800 2.516370 0.902736 0.120429 0.167614 0.504205 84.062000
0.680845 7.489840 7.331000 0.710999 0.937760 0.127623 0.177558 0.815252 144.257000
1.380790 14.847800 17.230800 0.993952 0.644961 0.017709 0.166652 -1.184450 120.909000
0.346097 12.780400 14.453100 2.660370 1.208750 0.092158 0.077608 -1.256280 104.141000
1.053980 12.062600 9.893780 2.563390 1.105820 0.070354 0.086442 0.576211 125.768000
0.979872 12.778200 18.537800 2.653730 0.472273 0.172523 0.138617 2.279970 93.389200
0.773700 15.151200 18.417200 2.532000 0.757004 0.094901 0.126459 0.894788 146.976000
1.349100 12.549000 6.951340 2.267140 1.154840 0.137208 0.054925 -0.469718 123.248000
0.607692 18.803700 18.388900 2.597820 0.332760 0.049010 0.188613 2.704180 130.343000
0.967492 11.230600 5.869860 2.779970 0.686923 0.114771 0.166204 -1.450900 127.363000
1.168950 15.246900 12.104100 1.522870 0.923397 0.022530 0.098982 -0.752792 143.413000
1.194590 14.549900 16.981800 2.356230 0.724871 0.058164 0.127844 -3.310800 94.834700
1.314770 16.122300 7.459930 1.915410 0.636365 0.185878 0.073609 2.337540 119.992000
0.511783 7.077480 8.383250 0.577527 1.182640 0.018301 0.130672 -3.301130 129.411000
0.304104 11.228400 9.946490 2.746670 0.810336 0.087698 0.077710 -1.271730 120.359000
1.309440 10.308900 10.256800 2.083160 0.728700 0.044202 0.108942 -2.038560 97.752600
0.537674 11.504800 11.062500 1.270230 0.635905 0.034997 0.195446 -0.200518 85.397100
0.641479 17.104600 16.108300 2.575210 0.574662 0.019340 0.190718 2.936240 103.023000
1.090200 9.385110 18.680800 2.471750 0.554134 0.158849 0.150389 -1.358960 115.506000
0.467781 12.281400 16.415200 1.724960 0.502680 0.040789 0.130041 0.059714 88.696000
0.427083 9.416260 5.940320 0.784405 1.322010 0.063837 0.085403 2.926210 131.430000
1.006100 12.157900 13.324300 1.497580 0.649434 0.163792 0.170303 -1.285100 133.997000
0.780819 13.334800 12.057300 2.115990 0.708982 0.098755 0.073809 -3.395250 133.885000
0.966895 19.888600 12.173700 1.396890 0.780120 0.159626 0.076242 0.975852 87.796600
0.411254 8.606450 14.104900 1.635620 1.839970 0.086231 0.070662 -2.265230 148.026000
1.072470 12.142700 6.461580 2.658150 1.421610 0.196654 0.059707 0.601860 132.373000
1.243440 7.383250 5.697150 1.749680 1.333030 0.085035 0.073641 -2.995780 112.467000
0.485513 16.794700 10.387800 2.185080 1.410090 0.075378 0.080310 -2.628770 133.741000
1.261930 6.972870 7.956750 2.012950 1.059740 0.096447 0.087660 -1.302780 86.633500
0.578947 6.278670 12.148700 2.050340 0.614199 0.119457 0.061190 -1.152330 94.301100
0.326683 18.055000 17.038600 0.426712 0.482493 0.008350 0.161196 0.486758 152.423000
0.489071 6.795570 12.153100 1.515300 1.647540 0.118980 0.050502 -2.104200 100.474000
0.785186 8.263980 7.656640 2.930620 0.602928 0.179486 0.052182 0.661310 92.562500
0.790744 7.318570 17.949100 2.967850 1.044410 0.086171 0.078046 -1.274190 81.364400
1.397470 16.309200 14.157000 1.372420 0.609713 0.110766 0.079295 0.165137 97.272300
0.476685 14.607100 6.343240 2.142920 1.227600 0.182941 0.052117 0.371689 134.307000
1.214900 10.599800 17.448800 2.625430 0.959539 0.177551 0.081098 3.065010 136.931000
1.256380 10.046100 19.131700 1.205600 0.333253 0.059879 0.198401 -2.643640 134.042000
0.738596 6.218130 13.360900 1.493740 0.936855 0.101727 0.137013 -1.076070 117.325000
0.400584 11.257400 7.813960 1.790960 1.436690 0.112140 0.073235 -0.873654 159.577000
0.746534 20.876700 15.787700 1.707300 0.901544 0.116073 0.129478 -3.086040 159.757000
1.148670 9.736680 11.112400 1.884100 0.922807 0.082521 0.124433 -1.670450 89.397600
0.569213 9.178910 15.345300 0.620431 1.117920 0.033827 0.168231 -3.919180 152.187000
1.199190 13.293600 12.874900 2.117280 0.733752 0.040843 0.052364 -3.749110 110.314000
1.053750 19.004700 14.363700 1.863400 0.534852 0.047887 0.089823 -0.848271 95.797200
0.861439 10.144100 12.578200 1.319580 1.188660 0.153740 0.070958 2.787390 150.759000
0.305710 10.951400 9.404300 2.401270 0.662848 0.168060 0.066482 -3.137360 103.356000
1.012030 15.099200 9.713040 1.906600 1.326090 0.018534 0.067685 -2.784840 94.092800
0.489938 13.256100 15.052800 1.419090 0.926673 0.065861 0.100392 -0.047962 100.951000
1.140710 13.586300 6.953620 1.631230 0.706119 0.188756 0.143895 -1.356690 140.741000
1.138720 10.237100 18.380200 1.446130 0.762450 0.098646 0.180276 -3.790300 133.776000
1.067270 6.909420 18.693700 2.154840 1.106400 0.134084 0.120193 0.186952 155.937000
0.383650 19.716900 16.139900 2.745770 0.870237 0.199549 0.165431 -2.174080 151.201000
0.569029 14.766800 18.047100 0.576607 0.617505 0.127118 0.186589 -0.547953 107.812000
1.134580 9.549180 12.762900 0.771254 0.815817 0.114454 0.081944 0.243297 85.873000
0.504638 19.841400 9.308020 1.166670 0.896862 0.065471 0.118406 -3.777620 130.895000
0.328089 14.079500 12.986200 0.387066 0.843524 0.085766 0.149641 -2.841560 99.068800
0.584757 6.304480 16.534300 2.063600 0.911713 0.133149 0.166705 -3.514550 141.418000
0.993175 13.530700 17.597200 2.038940 0.905396 0.047587 0.063002 2.641820 138.157000
0.583831 9.890380 14.605600 1.923520 0.745666 0.021160 0.191078 3.232300 88.716000
1.223700 12.131200 18.132900 2.992110 1.125140 0.108356 0.117474 2.836130 159.429000
1.342480 20.837100 18.774500 1.336100 0.566891 0.131621 0.109546 -2.936420 118.613000
0.519009 9.225930 11.947300 2.069770 1.306680 0.142098 0.056892 -2.562320 110.168000
1.316840 15.983000 13.963300 2.734250 1.218140 0.112782 0.096234 -3.336290 154.471000
0.681378 20.155900 10.169300 2.744170 1.455960 0.128372 0.066376 -2.800940 108.606000
0.995104 18.726100 13.208000 2.590930 0.424679 0.124172 0.196828 0.444788 146.223000
0.362154 15.107200 17.018900 1.554200 0.893627 0.076195 0.099212 2.397940 133.363000
0.994369 16.629800 15.356600 2.344440 1.009330 0.134255 0.134763 3.150420 147.330000
0.951323 13.162600 11.629100 2.967080 1.404860 0.107243 0.090719 3.723270 152.828000
0.919870 10.458400 11.001600 1.362720 0.804818 0.152800 0.096582 -3.833320 122.100000
0.412454 8.047900 10.324900 2.508770 1.005910 0.091731 0.124344 2.660760 103.303000
1.176580 15.418700 15.975100 2.088850 1.482350 0.136459 0.056017 0.521404 124.072000
0.800846 11.606700 15.252300 2.662180 0.990061 0.150707 0.110242 -2.969560 97.676400
1.000960 18.076500 5.667530 2.350230 0.467424 0.150490 0.122164 1.465320 133.593000
0.326046 13.020500 14.889000 2.929070 1.572610 0.192073 0.092049 -0.568180 127.408000
0.465473 8.685310 9.724900 2.742400 1.621450 0.165236 0.061725 -0.423556 87.011800
1.155980 18.032600 10.310900 2.101060 0.775206 0.113649 0.180131 -2.927520 135.259000
0.589675 10.070400 9.960310 1.151040 0.722700 0.096473 0.173103 0.591178 81.181400
1.117450 12.018300 14.177300 2.825220 0.494611 0.159741 0.115355 -0.948575 154.668000
0.718425 7.989540 7.810470 1.932410 1.014780 0.042996 0.166010 -1.783280 142.176000
0.928602 16.524900 14.610800 1.718470 0.436702 0.157029 0.068847 -2.307990 84.220200
0.998429 20.212000 16.651100 1.373040 0.390096 0.199942 0.134472 -2.138000 110.514000
1.163560 7.013290 10.259000 2.144470 0.681501 0.197350 0.141151 -3.466730 102.991000
0.426318 18.137700 11.187000 2.241880 0.794588 0.093448 0.052929 2.343000 124.583000
1.177640 18.801400 16.369100 2.158800 1.116460 0.106369 0.116889 -1.549470 156.902000
0.636312 7.877070 16.215400 2.503520 0.996460 0.183395 0.167005 -0.631048 150.878000
0.434724 8.835420 8.136480 2.171810 1.436500 0.151446 0.101983 0.978538 86.511500
0.333830 14.623000 12.178900 2.520130 1.170300 0.161274 0.095626 -0.869795 148.300000
1.154960 17.118800 8.396180 1.161100 0.690626 0.079944 0.116179 0.022722 91.587200
1.053550 16.472300 14.440400 0.695308 0.574050 0.071183 0.189276 -1.061440 117.103000
0.629990 13.938200 10.728000 2.912760 0.702620 0.172545 0.168279 0.992799 148.447000
1.077630 20.238000 16.832200 2.532570 0.387542 0.147999 0.172543 -1.738220 105.300000
1.039600 15.170100 11.482300 2.947470 1.035120 0.142382 0.074006 -1.249100 91.363800
0.940993 18.586600 9.013740 1.156510 0.825893 0.109125 0.124452 0.132983 131.909000
0.652016 10.507000 9.479860 1.892820 1.093580 0.093840 0.145612 -1.961490 147.193000
1.116060 16.810800 7.944500 2.606970 0.371136 0.088519 0.121857 -1.857000 87.862900
0.865331 10.102300 12.004300 1.525090 0.878270 0.067649 0.194386 -1.752400 100.340000
0.896053 11.452200 5.709600 1.960840 0.822785 0.154093 0.182043 1.116060 98.102600
0.793524 7.947890 11.774100 0.538297 0.842853 0.134963 0.162562 -3.848820 144.903000
0.988722 18.157700 6.908360 1.891780 0.755651 0.179747 0.190403 0.919494 152.402000
1.228750 11.101100 17.409600 1.813910 1.021850 0.067975 0.156465 -2.144120 148.306000
1.362260 6.682220 8.844190 1.143550 0.712892 0.108168 0.140066 2.964160 118.766000
0.946058 7.129770 14.193200 1.073790 0.930428 0.013615 0.060952 1.373780 119.136000
0.409607 17.406300 11.046000 1.749070 0.988057 0.043320 0.052541 1.389150 94.325500
0.552179 16.288800 15.641000 0.487856 0.680326 0.137812 0.150036 -0.013660 131.956000
1.182350 7.977470 11.375300 2.906670 0.988685 0.008012 0.112320 -2.124530 83.004800
1.115110 6.136060 6.599910 2.951020 1.136570 0.097945 0.084493 -0.095645 90.794500
0.755645 7.770360 18.897100 2.466790 0.944240 0.076291 0.116930 2.268430 109.723000
0.375624 11.594000 16.952700 2.875640 1.463430 0.179205 0.078056 -0.201714 108.518000
0.753761 10.079400 8.976790 2.959670 1.359640 0.041488 0.064957 2.440930 110.472000
1.094540 16.301800 11.995000 0.984595 0.899717 0.043658 0.154023 -2.019780 139.489000
1.057170 14.659600 9.877250 0.550712 0.822639 0.154163 0.092361 -0.133911 105.165000
1.355560 15.062800 13.812600 2.139780 0.645538 0.132278 0.169954 -1.084610 85.462000
1.112060 10.720500 5.936040 0.735712 1.062350 0.168662 0.087286 -3.077520 83.997000
1.098040 10.001800 16.191200 2.171210 0.693563 0.016973 0.172098 0.196361 156.554000
0.330295 9.746190 18.935500 2.055420 0.897493 0.075205 0.152394 -1.778300 150.088000
0.775734 18.930700 19.560400 0.944514 0.501577 0.143420 0.131724 -2.365050 143.712000
0.580297 12.462900 18.651900 1.815560 0.885272 0.121838 0.108343 3.419340 93.091300
1.397790 14.373200 14.649300 1.554760 0.844636 0.105494 0.110049 0.707778 130.182000
0.892795 6.760980 16.374600 2.929950 0.986006 0.120154 0.116108 0.497920 117.322000
0.955609 17.211200 9.696130 1.213570 0.741759 0.174497 0.094397 -0.401278 120.653000
1.066220 8.084540 7.933730 2.528870 1.246800 0.102772 0.134267 -3.457500 157.842000
0.480300 16.338000 16.608100 1.728460 0.752603 0.134677 0.144581 0.687977 103.152000
0.586608 12.949600 8.804930 1.666930 0.523029 0.171086 0.159891 -2.746210 127.317000
1.311820 10.753800 11.192000 0.764574 0.634159 0.087320 0.196303 -1.268230 116.590000
0.491065 17.671800 15.185300 1.387910 1.047440 0.073548 0.133568 1.791850 144.034000
0.312098 10.921700 15.540300 2.775930 0.907602 0.033051 0.173750 2.720750 122.365000
0.312953 20.166300 13.491500 1.508330 1.113620 0.123943 0.119388 1.016620 153.411000
1.273130 19.820600 18.486500 1.073430 0.441946 0.122575 0.085794 0.236636 145.494000
0.642127 6.541890 15.459500 2.903270 1.303910 0.057358 0.122893 -2.880450 91.624000
0.951551 14.582700 9.911710 2.030940 1.249720 0.151554 0.089604 0.272686 132.072000
1.269050 6.110730 7.876010 2.370640 1.289610 0.068852 0.079948 -1.107410 130.757000
1.352610 14.823100 9.731940 1.320200 0.763593 0.055444 0.129004 0.598326 116.291000
1.075070 20.293300 8.866760 0.811342 0.445101 0.148242 0.089566 -0.546432 95.194900
0.634568 20.777300 7.215960 1.638240 1.012030 0.076599 0.053078 -1.194790 104.055000
0.501339 7.560560 10.087400 1.871450 1.184910 0.013212 0.074302 -2.109980 82.409000
0.797376 15.708300 12.187000 2.843860 0.791489 0.193666 0.094657 -0.358361 108.832000
1.042670 6.884220 14.567800 2.163010 1.100020 0.108995 0.080986 -2.711800 122.511000
0.937459 8.737230 12.307200 0.606546 1.601350 0.093323 0.053773 -0.945556 157.926000
0.388498 7.203950 7.760300 2.860810 1.801230 0.145470 0.058501 0.536505 95.204100
0.659298 8.841800 6.120730 2.087240 1.089310 0.083360 0.082023 -3.094220 85.560100
0.364660 9.265380 8.936230 0.623475 0.521539 0.054261 0.089651 -0.487235 89.137700
0.763803 16.339400 12.489700 1.378460 0.609562 0.103228 0.074260 1.652010 147.869000
0.516781 19.753600 10.157600 0.513080 0.793363 0.111851 0.166254 -0.719171 153.877000
1.317240 6.948250 8.859200 0.767466 0.300306 0.062314 0.126336 -2.357560 94.503600
0.455189 8.352280 17.439800 1.331200 1.149850 0.106006 0.130381 -3.807910 135.977000
0.876211 19.773900 8.726350 2.944050 0.927521 0.101097 0.161912 0.292496 140.630000
0.493918 6.050940 8.955860 0.701933 0.391413 0.097776 0.084270 -0.656284 88.502600
0.330640 9.106220 7.121870 2.957510 1.360990 0.103565 0.128032 -2.790070 90.111700
0.734773 20.372500 14.273100 1.325640 0.439699 0.115991 0.136500 -2.472120 114.167000
1.186580 7.866130 7.377270 1.402270 0.944578 0.049129 0.141586 0.202077 93.913000
0.497834 9.961020 5.655490 2.924360 1.405430 0.042675 0.056166 -3.887480 123.583000
1.264930 9.437820 16.120300 2.992830 0.432159 0.015783 0.161439 0.532327 144.604000
0.468824 13.874600 13.612900 2.899870 0.832338 0.192831 0.179701 -1.692530 105.010000
0.604175 16.404900 11.011200 1.210200 0.785766 0.056463 0.052680 -3.452790 98.548400
0.831192 16.259900 13.967200 0.918435 0.670763 0.140347 0.083100 2.047550 117.624000
1.135170 20.162300 16.204100 1.687570 1.013590 0.139009 0.075406 -0.077404 147.050000
0.635650 17.274700 18.597400 0.539218 0.606582 0.047804 0.131827 -3.593960 142.303000
0.348140 19.108700 17.623800 2.423820 0.770959 0.185895 0.170354 -0.835774 119.571000
1.377640 16.804800 6.214710 2.431940 0.490458 0.020936 0.112227 2.358280 105.756000
0.808135 17.676700 17.636100 2.697700 1.248960 0.028725 0.056564 -2.484620 145.604000
1.372370 8.253070 11.503800 2.348520 1.039460 0.189498 0.055698 0.624582 102.227000
0.895734 17.876900 11.125800 1.197220 1.043560 0.175476 0.069962 -0.111320 105.036000
0.843378 12.119100 18.205500 0.772687 1.101980 0.025772 0.081349 -1.786140 112.716000
0.619025 8.390390 9.884490 0.388977 0.717868 0.173781 0.081342 0.593069 80.085900
0.580395 9.337530 11.807400 2.972060 0.925795 0.062730 0.070453 2.262250 126.127000
0.669272 13.566200 11.603900 1.831390 0.595873 0.059397 0.197296 -1.740920 80.449900
0.441114 15.649200 19.626400 2.944960 1.335840 0.078908 0.063694 -1.328030 107.335000
0.701406 9.567120 6.359840 0.364292 0.473843 0.031831 0.167262 1.517750 88.764200
1.366620 13.135600 18.420800 2.028540 0.360517 0.186111 0.120942 -0.924154 86.898500
1.308200 7.529500 17.013200 1.849810 1.408930 0.038426 0.090673 -2.543140 137.854000
0.433351 19.097300 9.126400 2.706840 0.732231 0.112838 0.147754 -2.280430 129.292000
0.709030 13.765800 9.110060 0.506520 0.433406 0.167345 0.084653 -3.815920 87.114500
0.463784 6.021090 10.016700 2.549480 1.638570 0.022434 0.086791 -2.569550 108.266000
0.701023 10.541300 6.294160 1.947060 1.224730 0.080288 0.119732 2.795760 135.560000
1.201240 13.132700 12.291200 2.689380 0.809025 0.198065 0.135162 0.124526 93.839700
1.238390 13.449500 18.315600 0.857080 0.730738 0.063729 0.193628 -2.116430 147.115000
0.592230 14.799200 6.976820 2.081350 0.828543 0.126947 0.183857 -3.929870 101.343000
0.760371 13.730500 13.618200 1.395130 0.674987 0.013417 0.160827 2.487200 157.715000
1.365500 14.870200 8.209550 0.805187 0.458802 0.086832 0.186747 -3.128950 141.583000
1.363940 18.347500 6.190730 2.815500 1.031790 0.019264 0.074229 1.308400 147.307000
0.646273 9.842770 7.926760 2.099020 1.176150 0.174691 0.107362 0.648774 135.626000
0.719286 20.937100 16.856200 2.823590 0.250027 0.169979 0.155417 1.398820 124.626000
1.181550 18.467500 6.959420 2.764800 0.547504 0.094943 0.141452 -0.714363 102.559000
0.908226 19.028000 11.552500 0.997849 0.961655 0.020166 0.062129 -0.292499 130.565000
0.991883 8.661810 16.917800 2.697570 1.205290 0.113332 0.119770 -0.485261 116.634000
0.996750 14.863300 11.575000 2.592020 1.115060 0.107079 0.110308 -1.242230 148.047000
0.730025 15.401900 13.274200 1.939110 0.329968 0.179363 0.118744 -2.808650 109.884000
1.048570 8.061450 12.996300 1.978840 0.939756 0.058388 0.102989 -2.036000 130.076000
0.808573 14.227500 11.194400 2.845830 0.661568 0.153045 0.166771 -3.648330 102.961000
0.505574 18.324700 15.414600 2.085860 0.559847 0.090632 0.118098 -2.680120 87.192100
0.405561 16.169600 17.910800 1.729490 0.631558 0.061807 0.097192 -2.375940 113.175000
0.617347 7.119690 12.161000 0.882505 1.345040 0.037211 0.083031 -0.127461 104.892000
0.711812 9.536160 10.033200 0.357694 1.091750 0.040647 0.109289 -2.490810 119.843000
0.319071 7.819780 16.480400 2.306230 1.859660 0.134601 0.056925 -3.017660 102.252000
0.841308 6.182400 8.142820 2.687800 1.179040 0.104244 0.162534 -2.769100 110.682000
0.315634 9.621470 17.064900 1.407720 1.002580 0.080970 0.168865 -0.206933 89.247100
1.276150 12.210400 14.278100 1.879890 1.187790 0.048292 0.076624 2.901740 151.493000
0.336743 18.837100 9.942260 2.096290 1.054680 0.101294 0.133244 0.096080 139.111000
0.304391 6.361990 14.407300 2.872290 1.251000 0.078119 0.166541 -1.839880 131.637000
1.142980 9.631240 13.467400 2.844750 1.085650 0.115182 0.127240 -0.975830 94.068200
0.571888 14.437700 18.312200 2.300340 0.655765 0.126337 0.130901 -0.637264 93.446400
1.350130 16.549200 12.908200 2.121070 1.135620 0.012196 0.086921 -1.586550 130.168000
0.479628 10.550400 10.409200 2.091510 1.629640 0.033399 0.055417 0.122230 95.146700
1.208140 20.751600 15.903100 2.641800 0.969514 0.095209 0.055915 1.937180 129.802000
1.258640 9.216880 17.096500 2.837120 0.885990 0.144563 0.116511 -2.988350 88.233500
1.248130 19.077100 10.209100 2.769160 0.703869 0.069744 0.065002 -2.861920 117.796000
