463.162550 375.160240 19.000308 15.700000 32.000000 31.300000 118.000000 21.242710 27.800000 10.486460 1.832200 -0.760300
548.351060 151.899080 72.298936 8.800000 85.300000 46.200000 71.600000 28.475980 30.600000 18.616310 3.099200 -0.543600
278.519740 168.544370 39.485664 11.900000 57.500000 73.300000 96.300000 16.640260 27.600000 10.137140 1.453250 -0.222400
280.580500 153.888460 45.153544 5.400000 51.200000 78.900000 109.100000 20.951440 16.000000 10.843710 3.091450 -0.446850
648.665860 271.604230 58.128792 12.100000 40.200000 29.800000 113.400000 27.222830 26.900000 18.129860 3.852500 -1.114950
510.526560 241.743780 52.648148 12.200000 53.400000 55.200000 100.100000 23.031730 25.400000 12.453620 2.446800 -0.391450
543.102910 144.671040 73.362131 7.500000 65.300000 36.500000 92.900000 24.657400 21.400000 11.686890 3.570500 -0.437250
451.731490 266.758130 40.947635 13.000000 32.400000 27.900000 120.300000 31.105420 23.000000 15.943530 4.018050 -1.055950
583.161940 351.875080 39.660829 12.900000 34.500000 29.800000 118.300000 24.179670 26.000000 10.531120 2.366450 -0.928500
650.721430 298.737530 54.091334 13.800000 69.900000 19.300000 82.000000 26.822480 45.900000 11.772220 1.657250 -0.929400
485.202960 187.708320 61.313443 12.400000 50.400000 33.000000 102.900000 29.075830 26.400000 21.950120 4.062050 -0.744750
486.152110 290.065110 40.334495 16.300000 34.700000 22.600000 114.700000 22.182480 29.800000 13.801660 2.244450 -0.943300
387.473730 153.592620 60.360508 6.700000 46.500000 57.800000 112.500000 25.781510 17.300000 17.521440 4.556000 -0.535600
215.677180 126.633090 41.285819 6.800000 34.300000 99.800000 124.600000 21.685230 16.200000 14.456960 2.910800 -0.529050
579.331870 214.256750 63.016578 11.400000 67.600000 24.400000 86.700000 29.268360 25.100000 12.970950 3.407900 -0.744550
588.624620 363.581210 38.232076 12.100000 50.600000 36.500000 103.000000 31.841600 23.800000 15.908380 3.591850 -0.892950
223.038080 144.103420 35.390665 8.500000 33.400000 98.500000 123.800000 17.378160 16.800000 13.075160 2.168650 -0.341500
517.854710 315.038890 39.164618 11.600000 51.700000 82.500000 102.400000 36.453050 21.400000 20.665640 4.579600 -0.637850
537.878380 349.614100 35.001273 18.600000 33.200000 24.800000 113.900000 17.404810 34.900000 11.574840 1.455500 -0.900600
462.424700 159.405340 65.528368 10.000000 41.700000 25.300000 114.000000 37.134450 20.100000 23.162900 6.951250 -1.043600
704.695690 176.807430 74.910102 15.300000 63.100000 26.700000 87.300000 26.190820 41.800000 18.310530 2.402000 -0.808950
521.262020 145.058560 72.171661 13.600000 47.100000 28.500000 105.000000 29.600080 27.900000 20.130050 4.523000 -0.859100
457.287920 233.732150 48.887312 9.600000 83.000000 40.600000 73.100000 28.174500 19.100000 19.241180 3.607050 -0.592500
487.150610 233.466520 52.075084 14.400000 37.300000 20.300000 113.900000 19.031670 29.000000 11.899490 2.106100 -0.802200
859.131620 232.835210 72.898773 9.200000 86.200000 35.400000 70.300000 41.373720 24.100000 25.395230 6.044700 -1.120350
839.481190 325.493910 61.226777 13.600000 62.300000 23.300000 89.800000 28.398260 38.800000 12.355870 2.038400 -0.961000
456.395320 194.951670 57.284472 6.100000 80.800000 38.700000 78.800000 24.688890 20.100000 16.478720 3.292000 -0.516200
700.362030 200.860140 71.320527 12.700000 59.400000 30.900000 93.600000 33.270420 27.500000 20.972600 5.034600 -1.023750
524.954280 210.632210 59.876085 15.400000 41.800000 22.100000 108.500000 25.999350 29.500000 15.939490 3.125500 -1.009150
507.708940 359.046050 29.281125 13.100000 34.500000 43.000000 118.100000 35.619690 23.200000 20.236530 4.266650 -1.030800
864.234400 287.021610 66.788916 13.000000 55.700000 33.400000 97.000000 32.325150 33.100000 14.568240 3.468100 -1.117500
560.367350 346.474130 38.170179 10.400000 40.900000 36.900000 114.400000 30.250980 21.000000 15.265630 3.937000 -0.824500
457.479000 147.841930 67.683341 9.400000 70.700000 38.800000 85.600000 32.775370 22.300000 15.031780 4.152500 -0.542950
532.852110 163.657220 69.286559 9.600000 47.100000 22.100000 109.000000 36.344970 22.800000 20.275930 5.511350 -1.113400
587.100380 210.502870 64.145336 8.600000 69.700000 30.800000 87.400000 39.125370 21.000000 23.540460 5.456500 -1.019750
508.606600 153.843060 69.752052 10.700000 57.500000 28.500000 97.500000 39.207320 23.500000 19.373850 4.996300 -0.979100
322.116530 130.075990 59.618344 11.000000 50.300000 76.900000 104.400000 26.704630 26.100000 20.104190 3.118050 -0.528500
658.556410 292.298830 55.615218 13.800000 54.300000 30.600000 97.600000 24.550080 32.200000 10.835460 1.979450 -0.649150
232.706610 137.968380 40.711448 11.200000 51.500000 79.600000 103.000000 24.171790 24.800000 18.652600 2.505300 -0.570400
488.663450 154.835320 68.314528 10.400000 49.300000 17.400000 106.000000 35.742160 24.600000 13.878340 4.174050 -1.025300
469.659240 209.118420 55.474437 9.100000 54.600000 23.100000 102.000000 30.763190 19.900000 16.101350 4.487150 -0.826200
551.701470 396.817390 28.073893 10.300000 55.900000 70.500000 98.900000 32.145740 18.900000 20.742360 4.218900 -0.642050
554.345070 321.573840 41.990313 14.200000 38.400000 38.700000 113.100000 25.976160 24.700000 19.029840 3.681600 -0.892250
653.933130 177.623790 72.837622 9.800000 61.900000 21.600000 94.000000 31.394460 26.300000 16.237810 3.913400 -0.942150
464.802190 347.229490 25.295212 13.600000 51.400000 47.500000 100.700000 27.598140 22.000000 20.171510 2.943100 -0.591500
449.972680 344.531690 23.432754 14.700000 44.400000 40.500000 106.500000 29.295450 22.600000 20.628370 3.303250 -0.758600
564.775040 192.944940 65.836851 10.600000 38.700000 16.500000 116.400000 23.889770 26.000000 14.121380 3.091350 -1.115150
587.458230 363.695950 38.089905 15.500000 44.900000 38.800000 105.300000 20.132590 32.500000 11.266610 1.593050 -0.567750
440.702640 345.231120 21.663478 17.400000 26.200000 25.900000 122.200000 11.718810 28.500000 7.341890 1.088050 -0.522950
691.181720 178.392400 74.190232 8.600000 87.700000 30.100000 69.400000 44.377000 21.200000 24.318450 6.648000 -1.016150
642.486780 167.759310 73.889064 11.400000 61.100000 24.500000 93.200000 32.754890 25.200000 18.443820 4.637400 -0.935800
380.206040 139.300100 63.361944 6.400000 40.600000 86.700000 118.700000 24.716820 19.400000 15.206000 3.591600 -0.651350
183.393840 118.057420 35.626289 8.100000 31.900000 100.200000 125.700000 13.426880 15.500000 9.444430 1.795900 -0.339700
731.254210 304.953470 58.297201 8.100000 64.100000 35.400000 93.500000 34.011540 23.400000 19.036810 4.269050 -0.961250
637.077260 293.416780 53.943297 11.700000 45.600000 17.700000 108.500000 29.146380 30.000000 10.169000 2.367450 -1.062300
343.616620 145.989770 57.513763 5.800000 51.100000 73.700000 108.800000 31.036790 18.000000 16.082740 4.661050 -0.681100
465.641580 189.267940 59.353299 13.400000 47.400000 15.500000 104.900000 22.754560 29.300000 10.581950 2.186900 -0.804900
640.937940 183.849950 71.315483 11.200000 48.400000 15.600000 106.100000 23.604830 27.700000 10.305470 2.442500 -0.843800
713.316610 377.667740 47.054683 7.900000 59.800000 46.700000 98.000000 36.977620 20.700000 16.261300 4.724850 -0.898850
924.139730 275.427330 70.196354 7.500000 91.400000 29.100000 66.800000 26.373880 24.900000 12.777810 2.882050 -0.709650
548.945300 184.469530 66.395645 9.800000 51.500000 18.000000 104.400000 38.166970 23.000000 17.074110 5.009750 -1.180850
662.216150 368.292230 44.384892 12.900000 51.700000 40.500000 101.100000 34.549490 24.200000 17.390720 4.354850 -0.991150
716.114550 156.145480 78.195460 9.800000 78.700000 24.900000 77.200000 40.067210 23.100000 18.640580 5.362100 -0.972600
479.532080 335.351050 30.067025 14.600000 37.300000 39.800000 113.800000 31.047890 25.200000 16.349580 3.395550 -0.844950
342.431100 120.737730 64.741015 7.100000 44.200000 76.000000 114.400000 29.762890 23.600000 11.890360 3.030800 -1.504100
182.076030 147.974810 18.729110 12.700000 38.400000 90.200000 114.500000 13.549510 22.500000 11.019980 1.073650 -0.308900
882.882890 332.794910 62.305883 11.400000 88.200000 36.200000 66.100000 39.201520 31.800000 22.370810 4.053950 -1.037350
379.295020 150.673390 60.275410 8.100000 59.700000 57.200000 97.900000 25.535300 19.600000 15.858510 3.651750 -0.449500
459.263000 235.115980 48.805808 13.200000 30.600000 13.300000 121.900000 15.581140 26.900000 8.609180 1.644050 -0.845400
574.904530 166.558150 71.028555 11.700000 66.200000 29.900000 87.800000 35.453850 26.500000 12.710310 3.838450 -0.737400
581.525420 178.050970 69.382083 10.400000 82.200000 29.100000 73.100000 33.974990 23.400000 19.259260 4.331000 -0.766100
504.948370 294.243330 41.728036 11.000000 38.600000 31.300000 116.100000 22.614240 22.200000 13.110790 2.982050 -0.684300
551.751420 190.439900 65.484475 18.300000 77.000000 49.800000 70.400000 27.632060 49.900000 23.277840 1.825050 -0.570350
480.869820 193.239810 59.814527 7.800000 64.800000 26.300000 93.100000 33.108440 18.400000 17.430960 4.886600 -0.803400
513.621270 168.263750 67.239723 6.000000 86.000000 33.600000 73.700000 24.870610 23.500000 12.613270 2.973650 -0.477800
595.234980 278.672540 53.182768 9.800000 43.700000 36.200000 112.200000 32.299210 21.500000 18.564660 5.022100 -0.987000
557.783700 249.136360 55.334593 13.600000 54.400000 32.700000 97.700000 34.020530 28.600000 21.715320 3.729550 -1.118400
790.919100 350.874160 55.637162 22.900000 68.900000 55.000000 72.900000 40.763310 34.400000 21.284010 6.118900 -1.004250
708.757590 394.908690 44.281558 9.300000 53.000000 36.700000 103.400000 30.429680 23.800000 9.578640 3.004400 -0.786850
572.145410 225.756450 60.542120 10.900000 46.000000 25.800000 108.800000 23.889110 25.600000 17.015730 3.583150 -0.839700
506.824810 206.255300 59.304419 16.100000 65.300000 34.600000 84.300000 24.704300 32.300000 14.877680 2.478350 -0.603050
518.369930 233.077870 55.036383 14.000000 44.800000 20.800000 107.000000 31.024860 28.300000 14.008700 3.245000 -1.006350
875.653200 121.687300 86.103254 9.500000 72.200000 38.900000 84.000000 31.358450 29.100000 16.872140 4.200700 -0.567500
492.674220 329.077620 33.205837 15.200000 49.600000 83.600000 100.800000 24.130160 28.700000 15.260670 2.177350 -0.392200
565.559420 128.975310 77.195091 9.400000 56.200000 37.600000 100.100000 32.405020 24.100000 12.471660 4.163650 -1.009900
238.595460 142.857200 40.125768 7.700000 33.500000 95.000000 124.500000 24.378720 16.300000 16.480150 3.311500 -0.556600
603.320970 188.743710 68.715871 14.900000 45.600000 24.700000 105.200000 30.686620 31.500000 18.551500 3.888950 -1.156150
524.974040 355.479170 32.286334 13.600000 36.200000 35.900000 115.900000 26.453500 25.900000 12.950250 2.706400 -0.830200
474.102070 373.940070 21.126674 14.200000 25.800000 46.500000 125.700000 22.364940 21.400000 16.009900 2.834150 -0.716700
756.114010 293.036410 61.244415 7.700000 78.200000 28.900000 79.800000 31.305350 23.500000 13.791230 3.466150 -0.832850
474.156550 284.690390 39.958566 13.300000 49.200000 33.200000 103.200000 31.199520 24.200000 17.826420 3.584350 -0.907250
483.904130 191.169350 60.494375 13.200000 72.300000 24.300000 80.200000 32.092040 32.100000 17.817640 3.036950 -0.824150
772.037950 297.128120 61.513793 9.000000 86.400000 47.600000 69.300000 32.769660 31.100000 21.586980 3.803200 -0.909400
497.054720 383.682870 22.808726 15.200000 32.700000 33.400000 117.800000 15.395110 28.300000 8.988460 1.314900 -0.581450
499.575640 153.394960 69.294948 13.600000 51.000000 38.300000 101.100000 29.645120 27.600000 20.932530 4.350000 -0.704250
470.550230 301.641800 35.895940 16.100000 32.100000 28.600000 117.500000 30.509510 26.500000 20.911180 3.641300 -1.203150
533.656680 182.860340 65.734461 10.100000 67.400000 21.400000 88.200000 33.086440 23.100000 15.609390 3.912400 -0.910350
539.656800 146.280630 72.893767 10.500000 62.700000 48.700000 92.500000 33.780630 31.700000 16.993140 3.136850 -0.731750
465.741410 302.820670 34.980944 16.000000 34.300000 26.900000 115.300000 27.775970 27.800000 15.656120 2.905600 -1.001350
506.160160 354.110600 30.039812 19.400000 44.600000 26.000000 101.700000 15.283610 41.200000 10.553600 0.942150 -0.589200
615.547070 144.748500 76.484577 9.300000 74.900000 27.400000 81.500000 39.611730 24.600000 16.146090 4.581450 -0.741900
557.398080 314.507740 43.575740 13.200000 48.800000 30.600000 103.700000 38.098590 24.500000 18.662290 4.465000 -1.106000
497.877260 228.988680 54.007002 12.300000 29.400000 23.000000 124.000000 25.387970 23.500000 14.416460 3.735100 -1.220400
644.153440 319.320540 50.427876 10.600000 61.500000 34.800000 93.600000 37.877450 20.400000 21.495480 5.328400 -1.095450
595.011380 170.884080 71.280536 10.400000 57.000000 14.700000 98.300000 32.304170 31.300000 13.249690 2.944150 -1.110600
622.429390 331.397590 46.757400 14.400000 41.300000 33.400000 110.000000 23.378560 30.700000 13.334550 2.358050 -0.883050
451.088500 275.306260 38.968460 14.400000 45.100000 32.600000 106.200000 34.622020 25.300000 22.105330 4.087150 -0.978550
428.781220 195.475020 54.411478 12.900000 44.700000 17.700000 108.000000 29.277330 25.400000 12.291620 3.237100 -0.922350
460.031640 223.957070 51.317029 15.000000 48.800000 22.600000 101.900000 33.949770 28.200000 16.818360 3.664050 -1.018100
912.197080 494.960180 45.739776 8.700000 45.600000 52.300000 111.400000 31.907230 22.400000 11.487400 4.329550 -1.000700
474.922970 350.055220 26.292211 19.800000 73.600000 41.600000 72.300000 23.982770 50.300000 18.430580 1.535450 -0.610200
497.393210 185.155770 62.774769 18.400000 51.600000 23.200000 95.700000 27.280820 38.700000 17.471930 2.545000 -0.934300
873.383810 126.863920 85.474436 7.600000 55.500000 30.600000 102.600000 25.739410 27.900000 13.611200 3.448450 -0.745350
479.370320 301.164280 37.175026 16.200000 47.500000 31.100000 102.000000 28.470820 28.700000 15.236130 2.909600 -0.816450
436.577590 213.876610 51.010630 15.800000 60.300000 35.200000 89.600000 28.160320 31.700000 21.929530 2.758900 -0.742250
438.853120 368.616700 16.004539 25.000000 28.200000 34.900000 112.500000 22.228550 36.800000 19.119010 1.514550 -0.873200
585.833490 304.807960 47.970206 10.200000 44.700000 39.400000 110.800000 35.617150 20.100000 18.408360 5.532900 -0.964150
583.688690 266.559050 54.331983 10.300000 70.300000 28.900000 85.100000 29.210290 20.900000 15.754650 3.838650 -0.786500
652.693900 225.970090 65.378857 11.400000 76.500000 53.000000 77.800000 30.357310 32.500000 11.078400 2.243750 -0.525700
579.826320 175.295580 69.767571 10.400000 69.500000 48.600000 85.700000 33.304010 27.700000 18.727140 3.596350 -0.790900
505.232690 281.222730 44.337978 11.200000 43.100000 26.400000 111.400000 36.802140 23.400000 17.266700 4.288050 -1.045150
654.456450 369.787370 43.497024 12.600000 63.600000 42.100000 89.500000 26.505790 26.100000 14.367250 2.860750 -0.707300
417.381310 236.350960 43.372893 12.200000 75.800000 62.900000 77.700000 24.428510 26.100000 21.346330 2.199100 -0.484450
468.116720 319.373240 31.774870 14.700000 38.900000 22.800000 112.100000 22.536060 29.000000 8.663660 1.879450 -0.760250
548.312960 368.530740 32.788249 12.000000 36.000000 35.000000 117.700000 24.955190 24.400000 8.180270 2.589200 -0.960350
432.482710 265.144490 38.692465 15.600000 39.800000 28.700000 110.200000 27.956370 25.300000 20.235280 3.356900 -0.924250
812.757440 247.578560 69.538444 12.500000 45.000000 27.100000 108.200000 27.722350 30.000000 15.694940 3.254250 -1.131150
608.523010 192.257730 68.405841 10.300000 53.300000 17.100000 102.100000 29.187510 26.000000 13.229600 3.315550 -0.952050
494.329150 319.799340 35.306397 13.500000 41.400000 25.900000 110.800000 24.732060 27.600000 10.154490 2.239200 -0.746800
747.705360 247.627850 66.881627 14.300000 54.000000 21.000000 97.400000 22.877870 37.300000 10.794370 1.745100 -0.855600
592.102680 259.209780 56.222157 9.500000 61.100000 35.200000 95.100000 29.023530 20.600000 18.234520 4.274750 -0.787100
550.715460 302.245900 45.117593 12.700000 60.300000 19.500000 92.700000 21.337260 32.900000 9.776060 1.575900 -0.661200
521.210870 391.763620 24.835869 13.800000 42.400000 58.300000 109.500000 26.035350 21.700000 19.793050 2.954550 -0.724000
571.392780 283.596630 50.367481 17.500000 44.400000 21.800000 103.800000 16.883140 37.100000 9.246770 1.186500 -0.648800
493.621230 341.737190 30.769349 19.800000 40.200000 31.600000 105.600000 18.988520 36.400000 13.538340 1.446900 -0.706900
533.016170 337.065640 36.762586 13.900000 73.000000 54.500000 78.800000 27.905830 26.100000 17.650260 2.707900 -0.657850
628.776280 235.595180 62.531160 16.200000 71.900000 51.500000 77.600000 25.582150 42.700000 19.859630 2.344200 -0.707450
614.942600 313.760140 48.977329 8.200000 43.200000 26.700000 114.300000 25.683360 21.700000 9.741950 3.099500 -0.770000
595.586920 275.495060 53.743937 13.600000 50.600000 30.600000 101.500000 24.026810 32.900000 17.022820 2.557000 -0.830300
522.122780 186.702050 64.241734 6.400000 71.700000 28.100000 87.600000 36.685370 19.100000 20.685320 5.535700 -0.861250
578.407530 204.771290 64.597402 12.500000 38.900000 18.700000 114.200000 28.137800 27.300000 17.480700 3.641550 -1.268800
543.847300 141.646890 73.954658 9.400000 44.300000 39.400000 112.000000 30.951020 23.200000 16.619020 4.813750 -0.924400
236.520600 142.060060 39.937553 8.800000 39.600000 79.000000 117.300000 15.769550 22.000000 9.266840 1.499700 -0.426300
684.854600 187.163000 72.671133 12.600000 73.300000 48.700000 79.700000 19.585500 39.500000 11.807200 1.383400 -0.458500
470.216960 279.801920 40.495145 16.900000 51.800000 19.100000 97.000000 19.516900 37.100000 8.532820 1.269950 -0.606650
648.405310 321.688380 50.387763 11.800000 60.400000 40.500000 93.500000 28.801630 23.200000 22.032190 3.907000 -0.818200
456.391570 338.660080 25.796158 24.000000 39.200000 28.900000 102.500000 20.577270 41.700000 14.221170 1.309300 -0.779800
529.187400 242.670960 54.142718 12.500000 43.600000 20.800000 109.600000 19.981750 26.600000 11.733250 2.317000 -0.729850
834.614150 278.820860 66.592843 7.800000 54.500000 33.000000 103.400000 40.786610 22.100000 18.812640 6.382400 -1.233400
656.339440 245.527510 62.591383 8.500000 91.400000 27.100000 65.800000 30.566850 21.500000 14.659640 3.690800 -0.737500
693.482780 172.619910 75.108263 13.600000 66.300000 27.300000 85.800000 30.701110 31.600000 16.886280 3.452000 -0.825700
635.348110 162.207180 74.469558 9.600000 69.200000 22.300000 86.900000 34.357970 25.100000 16.875340 4.191700 -0.904200
642.928380 180.805530 71.877812 5.200000 70.100000 22.400000 90.400000 34.308070 20.500000 14.863190 4.846200 -0.913950
670.473210 185.092230 72.393792 9.400000 94.000000 26.000000 62.300000 30.302860 25.400000 14.655980 3.260800 -0.663000
494.503090 332.230140 32.815356 12.200000 33.500000 23.200000 119.700000 20.205440 24.900000 8.204160 1.913200 -0.788450
929.732760 287.672990 69.058529 10.500000 75.400000 29.800000 79.800000 37.842460 28.700000 18.960310 4.143000 -1.119700
578.028940 363.320290 37.144965 16.800000 52.200000 24.900000 96.700000 18.951560 41.900000 11.709410 1.154200 -0.718100
461.255710 338.036710 26.713816 14.300000 39.900000 30.600000 111.500000 22.778000 24.700000 13.575410 2.417950 -0.688700
757.243860 262.036080 65.396077 12.000000 49.300000 26.200000 104.400000 24.341840 28.000000 11.825570 2.686200 -0.844800
866.411120 391.087380 54.861223 11.800000 78.000000 34.700000 75.900000 36.007350 37.700000 18.525350 3.048050 -1.098000
436.600490 259.829100 40.488134 15.600000 43.500000 23.700000 106.700000 25.304530 28.900000 14.148690 2.525450 -0.803150
549.637430 178.236120 67.572056 14.200000 52.300000 19.500000 99.200000 27.825780 32.100000 15.127580 2.679700 -0.931500
474.046570 174.277650 63.236175 7.100000 87.300000 33.900000 71.300000 27.855350 24.100000 15.041990 3.335550 -0.582450
504.337400 155.895090 69.089128 10.800000 60.000000 23.000000 94.900000 39.147070 23.600000 17.760530 4.839750 -0.961250
623.715610 153.859830 75.331733 11.600000 49.200000 26.300000 104.900000 27.912610 28.800000 16.448730 3.512300 -0.789800
172.523100 151.994900 11.898812 10.300000 65.500000 79.600000 89.900000 21.438280 17.600000 18.259380 2.475900 -0.537500
520.439910 153.596860 70.487110 9.800000 36.700000 20.800000 119.200000 24.971970 22.900000 14.465950 3.937200 -0.940800
692.555170 208.966330 69.826761 14.600000 65.700000 21.300000 85.400000 34.201630 39.500000 19.059750 2.963250 -1.156950
589.510240 324.983290 44.872325 10.500000 58.900000 33.000000 96.300000 30.521960 23.800000 16.410030 3.423150 -0.790000
283.212450 143.130800 49.461685 7.300000 37.700000 92.400000 120.700000 23.220660 17.700000 17.047160 3.424900 -0.442500
733.200040 322.682610 55.989826 12.500000 48.400000 21.400000 104.800000 22.405830 35.100000 10.674580 1.864050 -0.970550
428.476890 149.576380 65.091144 10.100000 42.600000 31.900000 113.000000 27.035670 22.100000 13.649340 3.689100 -0.760200
637.553330 189.410440 70.291044 9.700000 61.600000 20.300000 94.400000 26.910970 27.800000 14.027520 2.894700 -0.826250
555.507320 248.156580 55.327937 13.100000 61.700000 24.800000 90.900000 23.364640 31.000000 13.907070 2.397900 -0.712950
339.204250 178.008670 47.521686 13.900000 69.700000 45.200000 82.100000 25.514590 35.000000 17.860400 1.911250 -0.597300
557.475030 168.220330 69.824598 7.300000 65.300000 16.700000 93.100000 33.748600 20.600000 12.557240 4.706350 -0.898150
486.653130 174.955220 64.049297 10.200000 80.600000 29.200000 74.900000 27.286690 22.600000 14.573940 3.237000 -0.580850
592.370680 318.812370 46.180258 15.900000 50.200000 72.600000 99.600000 17.659770 32.100000 11.665800 1.594100 -0.249650
655.568440 188.999220 71.170177 8.700000 57.000000 20.400000 100.000000 35.792710 22.000000 16.282190 5.337600 -1.085850
514.196320 147.460680 71.322105 8.000000 50.000000 27.000000 107.700000 33.341460 21.600000 16.455130 4.861700 -0.787950
641.401730 383.288990 40.241978 11.300000 69.900000 59.400000 84.500000 30.238140 19.800000 21.647860 3.947200 -0.738800
483.362180 408.251480 15.539217 18.300000 30.000000 59.900000 117.400000 16.127420 30.300000 9.143380 1.317650 -0.584400
545.326650 169.316780 68.951310 14.700000 44.700000 20.300000 106.300000 24.725680 31.400000 15.222440 2.786950 -0.939800
671.926260 194.628840 71.034197 10.000000 40.900000 13.900000 114.800000 22.361540 27.800000 11.599000 2.282650 -1.110800
471.809300 348.042770 26.232321 18.500000 30.700000 37.200000 116.500000 25.415490 30.000000 17.750910 2.497250 -0.979150
639.573310 216.394330 66.165829 10.400000 52.000000 17.800000 103.300000 21.534330 28.200000 10.604520 2.137800 -0.758600
461.844870 143.012250 69.034570 6.000000 55.300000 44.900000 104.400000 23.707360 20.400000 9.000710 3.205050 -0.663400
605.249300 139.123300 77.013885 15.000000 93.900000 35.700000 56.800000 36.085220 47.900000 21.188400 2.806550 -0.740800
512.907250 272.592580 46.853436 14.700000 46.900000 23.000000 104.100000 20.473640 31.600000 8.803630 1.715750 -0.624250
358.792250 151.930910 57.654908 5.000000 41.600000 79.200000 119.100000 18.293040 16.900000 9.954890 3.004800 -0.496900
489.597410 246.564170 49.639405 11.500000 59.100000 16.900000 95.100000 23.436980 27.300000 9.218000 2.112600 -0.655350
746.939370 278.169510 62.758756 9.000000 91.200000 38.400000 65.500000 32.110240 23.800000 19.635750 4.161000 -0.801500
469.865230 143.966840 69.359972 12.900000 40.600000 35.700000 112.200000 27.075230 26.200000 17.346810 4.081000 -0.639200
502.784220 144.783830 71.203585 8.100000 64.500000 33.500000 93.000000 33.526090 25.500000 13.644610 3.353400 -0.736150
623.820210 135.957870 78.205600 5.000000 73.700000 25.200000 87.000000 37.532670 22.400000 14.229240 4.632650 -0.778850
585.974860 223.479350 61.861956 10.300000 50.700000 16.300000 104.800000 27.466450 25.700000 9.409730 2.867250 -0.807950
472.179980 182.968410 61.250282 15.300000 37.400000 17.100000 112.900000 24.478270 30.000000 13.620090 2.716700 -1.058200
561.280320 302.068880 46.182172 11.500000 40.700000 36.200000 113.500000 41.778050 22.200000 22.797060 5.931150 -1.267550
633.523850 312.622680 50.653368 10.900000 50.900000 27.000000 103.900000 24.744980 26.200000 12.358590 2.599500 -0.764800
741.265330 423.266480 42.899464 11.000000 43.400000 44.300000 111.300000 32.772360 27.900000 11.840270 3.256100 -1.250450
535.996340 159.420830 70.257105 8.500000 64.600000 30.800000 92.600000 30.493550 24.500000 16.151900 3.515350 -0.616900
586.674410 248.144570 57.703188 10.400000 87.000000 37.500000 68.300000 31.514950 22.400000 21.045970 3.821400 -0.714450
638.733230 191.640640 69.996764 12.300000 65.800000 53.800000 87.600000 30.697910 30.100000 13.728980 2.848200 -0.544850
425.513280 152.460720 64.170162 7.700000 45.600000 36.300000 112.400000 24.937360 18.900000 13.371720 4.097800 -0.570100
599.642470 392.759870 34.500992 19.800000 52.800000 43.400000 93.100000 22.910660 44.300000 16.496720 1.488650 -0.762100
522.255160 249.760880 52.176465 13.800000 58.800000 25.700000 93.100000 28.354680 27.400000 15.433070 3.103350 -0.811850
663.993400 150.566770 77.324056 8.800000 45.500000 22.600000 111.400000 31.369550 23.900000 18.256060 5.481650 -1.095250
696.085490 333.657150 52.066642 8.200000 51.300000 33.300000 106.200000 38.216120 21.900000 13.328430 4.720200 -0.975000
585.922950 251.310050 57.108686 11.100000 53.100000 15.700000 101.500000 33.289030 27.200000 9.793610 3.110700 -0.895300
440.174220 285.424430 35.156486 13.200000 32.800000 31.100000 119.900000 36.253740 21.700000 20.902720 5.014300 -1.100300
761.382370 417.165510 45.209460 9.000000 64.300000 50.900000 92.300000 35.776190 18.700000 17.535730 5.233400 -0.977800
882.054800 367.231580 58.366353 9.200000 78.600000 41.200000 77.900000 27.809620 23.600000 13.799260 3.263950 -0.748700
558.588990 285.706970 48.852023 12.700000 39.300000 37.000000 113.700000 32.959860 25.200000 21.854750 4.759100 -1.164300
716.804140 441.017990 38.474408 10.500000 47.800000 59.200000 107.400000 30.073480 21.000000 16.213370 4.425100 -0.768650
496.653040 262.198430 47.206921 9.800000 38.500000 18.400000 117.400000 29.298330 22.400000 8.340570 3.286800 -1.119550
317.451860 137.873350 56.568738 9.400000 50.400000 67.300000 105.900000 29.319670 25.800000 14.989750 2.898050 -0.817700
446.736110 250.966900 43.822115 14.000000 63.000000 63.500000 88.600000 19.430860 37.300000 11.344680 1.316200 -0.371100
545.909030 309.131190 43.373131 12.800000 57.700000 49.200000 95.200000 30.637880 27.900000 13.880280 2.570950 -0.547350
691.842120 327.771680 52.623341 7.500000 75.500000 48.100000 82.700000 39.960310 18.700000 23.361540 5.664100 -0.992150
482.509860 199.121290 58.732182 12.400000 45.900000 17.700000 107.400000 25.239180 27.000000 11.508070 2.688150 -0.830050
580.595740 317.357750 45.339291 11.900000 38.000000 29.900000 115.800000 36.116360 24.900000 18.076910 4.172800 -1.263250
482.049310 390.928820 18.902732 17.900000 29.200000 59.400000 118.600000 26.626500 26.700000 20.589860 2.560950 -0.826800
533.318170 148.938590 72.073220 8.500000 59.300000 39.700000 97.900000 39.069400 20.400000 21.613740 6.640100 -0.814250
474.515080 146.937590 69.034158 12.700000 65.300000 34.400000 87.700000 35.011060 25.700000 17.406750 4.181000 -0.702050
545.350350 342.209130 37.249673 12.100000 51.300000 72.600000 102.300000 31.803800 23.700000 17.946610 3.347250 -0.523450
449.678610 264.575350 41.163457 12.900000 51.700000 80.200000 100.800000 23.964100 26.500000 14.406280 2.100050 -0.364400
641.007120 186.287950 70.938240 7.100000 51.300000 20.800000 107.300000 31.422090 21.800000 14.501810 4.602250 -0.989100
448.550820 160.117490 64.303378 12.900000 51.200000 26.100000 101.600000 22.178820 28.400000 10.566770 2.194200 -0.584100
613.368340 388.873400 36.600347 16.000000 50.300000 48.400000 99.400000 30.281160 31.600000 17.033540 2.690350 -0.879800
503.869330 306.710800 39.128901 11.200000 42.500000 28.600000 112.000000 26.781330 23.000000 13.072220 3.089500 -0.741950
529.196570 145.969080 72.416851 7.500000 48.500000 68.800000 109.700000 29.751110 23.600000 21.300850 5.101250 -0.629200
429.866760 397.326380 7.569876 19.800000 20.700000 53.000000 125.200000 17.902660 27.500000 13.127950 1.552950 -0.666400
451.436590 317.756090 29.612243 17.800000 37.400000 26.900000 110.500000 16.239270 31.500000 9.789730 1.429550 -0.562400
609.054040 300.229550 50.705597 10.800000 40.100000 33.400000 114.800000 34.536730 22.700000 20.392390 5.056500 -1.146650
592.074910 260.163430 56.059035 11.500000 58.200000 26.000000 96.000000 22.658230 24.500000 12.710000 2.764850 -0.692100
525.239330 139.015010 73.533016 6.100000 50.600000 41.200000 109.000000 37.508990 19.700000 15.461090 6.078900 -1.190350
533.981560 238.890910 55.262330 13.700000 38.500000 15.000000 113.500000 21.023260 30.500000 10.547090 1.898850 -0.974150
419.440640 194.001370 53.747598 7.600000 86.100000 43.800000 72.000000 25.856100 20.000000 17.885130 3.145050 -0.512100
573.973060 224.830660 60.829057 7.000000 83.500000 38.600000 75.200000 35.174750 19.400000 22.367650 4.700000 -0.858400
602.142310 185.613040 69.174556 6.700000 48.800000 16.100000 110.200000 26.184280 21.600000 10.764630 3.736250 -0.826650
247.325920 149.391590 39.597277 8.900000 41.100000 89.400000 115.700000 25.513950 17.800000 18.742650 3.369100 -0.502550
607.295050 371.817930 38.774747 13.200000 40.500000 40.500000 112.000000 38.435910 25.500000 20.391560 4.395100 -1.231300
484.702320 246.437490 49.156940 11.600000 40.900000 16.100000 113.300000 29.165300 24.100000 9.955890 3.173300 -0.896200
463.170660 385.338660 16.804173 18.600000 27.900000 39.100000 119.200000 13.729550 28.700000 9.421010 1.236400 -0.507100
437.402190 208.211910 52.398064 13.800000 38.300000 19.900000 113.600000 30.243840 25.400000 16.409680 3.764850 -1.081850
765.426200 343.254470 55.155119 10.900000 67.500000 41.900000 87.300000 28.779370 24.200000 20.259030 3.950600 -0.838450
888.406950 406.452270 54.249314 8.800000 69.200000 51.500000 87.600000 37.642080 21.300000 20.269990 5.156400 -1.108350
466.776850 146.270090 68.663808 10.100000 43.600000 28.600000 111.900000 32.898660 21.700000 16.842150 5.110000 -0.890950
540.381210 241.974610 55.221498 8.100000 77.700000 34.100000 79.900000 35.016250 18.200000 22.338930 4.903600 -0.861300
525.525680 279.608040 46.794600 12.600000 52.200000 30.100000 100.900000 27.024810 24.600000 17.145290 3.294600 -0.782400
709.210860 249.355670 64.840404 12.100000 56.900000 30.500000 96.700000 34.699700 26.100000 22.438470 5.146300 -1.153300
522.313100 283.194230 45.780753 13.400000 33.600000 23.300000 118.900000 25.066970 26.000000 12.649750 2.795050 -1.001200
492.123900 190.884650 61.212075 7.400000 70.600000 45.400000 87.700000 25.522810 22.000000 18.868280 3.581850 -0.573200
616.402800 379.975160 38.356030 11.900000 42.200000 36.600000 111.600000 24.416360 26.000000 12.005420 2.471100 -0.771250
567.866270 209.588900 63.091856 12.200000 46.700000 22.500000 106.800000 21.628640 26.600000 14.486220 2.925300 -0.816500
830.951910 316.011280 61.969968 6.600000 46.900000 37.300000 112.200000 35.986210 20.800000 12.730040 5.356050 -1.088600
595.053440 161.659310 72.832808 11.700000 46.700000 23.000000 107.400000 32.679930 25.500000 21.654720 5.385650 -1.191300
660.165570 378.007080 42.740564 11.100000 44.300000 35.300000 110.300000 34.785680 26.200000 13.341730 3.351400 -1.098000
803.269000 149.604670 81.375521 8.800000 71.400000 46.800000 85.500000 26.219140 32.200000 12.412620 2.198750 -0.522500
690.213620 139.469870 79.793231 12.400000 87.100000 31.100000 66.200000 27.492630 46.500000 11.757220 1.513400 -0.540750
470.656200 196.762860 58.193930 15.700000 72.200000 40.000000 77.800000 27.207120 30.000000 19.142210 2.922150 -0.571750
805.706300 332.237500 58.764441 9.700000 66.800000 39.400000 89.200000 40.156150 19.700000 19.944440 6.308750 -1.152700
548.216030 354.355150 35.362133 18.700000 65.600000 25.400000 81.400000 15.130320 50.900000 9.384260 0.711750 -0.502750
529.488730 175.382700 66.876972 11.600000 45.000000 15.300000 109.100000 18.477640 28.700000 9.183650 1.691650 -0.706000
503.489660 189.996410 62.264089 11.800000 65.700000 22.700000 88.200000 28.039380 28.900000 10.454020 2.443200 -0.672200
436.866840 331.813550 24.046982 17.100000 36.200000 29.000000 112.400000 22.073630 28.900000 12.274990 2.049650 -0.706450
483.670820 195.870470 59.503352 18.200000 56.100000 30.200000 91.300000 20.764950 39.900000 12.378650 1.480350 -0.576300
801.833660 387.004680 51.735042 11.600000 50.500000 41.500000 103.600000 36.546650 28.800000 19.590000 4.202500 -1.240550
966.307630 398.809150 58.728552 9.200000 69.100000 51.300000 87.400000 32.307580 23.200000 19.274060 4.730400 -0.985550
641.891670 372.267640 42.004600 9.400000 59.000000 42.300000 97.300000 28.593800 20.400000 17.050520 3.707750 -0.794850
875.612530 375.581030 57.106481 7.600000 50.800000 50.600000 107.300000 23.816690 25.100000 15.154730 3.621850 -0.768550
584.922730 152.443430 73.937852 12.500000 66.700000 18.100000 86.500000 32.631640 39.400000 13.508880 2.266750 -0.944300
447.853100 214.123580 52.188881 12.200000 43.400000 15.700000 110.000000 32.012730 26.000000 11.791640 3.307300 -1.000500
652.941180 205.672510 68.500607 7.000000 74.500000 31.200000 84.200000 43.775910 18.600000 22.195910 6.859100 -1.159400
327.735570 172.455350 47.379728 11.200000 66.000000 50.200000 88.500000 22.320250 28.400000 13.340370 2.110750 -0.405700
737.261420 260.993830 64.599554 11.200000 67.200000 26.400000 87.300000 36.661990 26.100000 18.082680 4.182600 -1.062250
504.934470 185.442490 63.273949 10.700000 54.700000 12.800000 100.300000 28.253550 26.500000 9.586970 2.726600 -0.866400
697.761960 192.250610 72.447536 9.600000 66.500000 29.800000 89.600000 34.123990 23.000000 21.522890 5.717100 -0.985750
555.395830 298.174680 46.313122 11.600000 29.700000 19.900000 124.400000 23.057660 24.200000 10.420150 2.454850 -1.166600
493.642820 254.449580 48.454719 11.800000 58.400000 28.000000 95.500000 31.341780 21.300000 17.849640 4.235800 -0.869900
519.608860 144.749790 72.142548 7.900000 44.300000 27.200000 113.500000 29.894000 20.500000 16.184740 5.404850 -0.775050
937.969200 330.605970 64.753004 7.800000 63.600000 34.200000 94.300000 33.723850 23.500000 15.921550 4.431450 -1.047550
525.128330 344.079970 34.476974 16.300000 42.300000 48.000000 107.100000 31.318240 28.900000 19.039750 3.273550 -0.904100
429.733660 211.668320 50.744301 15.600000 54.900000 35.400000 95.200000 24.108800 35.000000 12.500490 1.892450 -0.552100
465.825920 261.580130 43.845948 15.900000 41.700000 31.300000 108.100000 34.191430 26.300000 21.518310 4.365100 -1.113450
355.979890 131.182030 63.149034 7.200000 65.500000 67.300000 93.000000 35.884030 21.600000 21.256340 4.711350 -0.575000
471.504420 388.144020 17.679665 15.500000 34.000000 34.400000 116.200000 14.830180 29.300000 7.202220 1.122750 -0.523250
575.137190 291.089590 49.387799 15.100000 44.100000 28.000000 106.500000 28.423980 28.900000 17.017540 3.206000 -0.991500
601.796680 171.701750 71.468478 11.600000 44.600000 11.800000 109.500000 23.352340 31.100000 9.856660 1.845150 -1.013300
776.086820 262.609300 66.162381 12.300000 66.300000 28.100000 87.100000 31.570410 31.100000 19.053720 3.488000 -0.991050
488.243620 192.724320 60.527017 9.700000 84.200000 51.100000 72.300000 27.576150 28.500000 21.867260 3.137000 -0.596700
536.837230 223.814810 58.308627 14.100000 58.100000 38.800000 93.500000 29.599880 27.400000 22.871930 4.028300 -0.735150
490.030920 271.593960 44.576159 19.500000 60.100000 21.200000 86.100000 15.496900 47.700000 9.313150 0.890900 -0.544200
493.908730 190.366360 61.457179 10.200000 57.300000 25.400000 98.200000 30.680930 21.300000 18.241200 4.617100 -0.827650
579.855950 205.090650 64.630759 9.200000 50.700000 13.900000 105.800000 30.273370 25.300000 10.130380 3.151600 -0.930850
904.965850 333.828780 63.111450 12.500000 58.100000 34.200000 95.100000 35.121090 32.500000 13.628310 3.185000 -1.040950
438.758410 309.416040 29.479177 19.700000 36.600000 24.000000 109.500000 13.242640 34.500000 8.267460 1.059450 -0.501250
509.702350 208.789910 59.036895 12.100000 40.000000 18.500000 113.700000 19.072420 27.300000 11.323440 2.229400 -0.795500
561.409740 131.561170 76.565927 8.100000 67.300000 47.400000 90.300000 23.138740 25.600000 12.801800 3.162150 -0.383550
312.843580 130.010630 58.442289 7.300000 43.100000 82.200000 115.300000 30.286890 18.800000 17.783000 4.685700 -0.801200
771.856710 323.551030 58.081464 11.300000 49.600000 40.200000 104.800000 39.201660 23.000000 23.333300 6.620950 -1.342950
464.870190 125.165220 73.075232 4.200000 52.900000 64.600000 108.600000 21.308170 22.400000 9.992550 2.667000 -0.677450
521.109040 349.460520 32.939079 11.800000 35.400000 34.000000 118.600000 27.307030 23.800000 9.799230 2.914050 -1.028150
502.343760 269.856070 46.280597 14.700000 39.000000 26.000000 112.000000 31.022310 26.400000 21.679620 3.885100 -1.168900
276.715350 122.562370 55.708142 4.600000 38.900000 85.700000 122.200000 16.489220 14.600000 7.340130 2.669050 -0.693500
430.058390 398.936230 7.236729 18.900000 17.200000 54.300000 129.700000 11.796540 25.700000 9.285280 1.040100 -0.483550
560.971330 216.027060 61.490535 8.000000 73.600000 36.400000 84.100000 35.598710 18.300000 22.957610 5.399350 -0.879500
721.314330 312.525350 56.672793 13.200000 53.700000 23.800000 98.800000 20.541080 34.300000 11.361400 1.658850 -0.746200
451.212750 182.146670 59.631755 16.100000 36.900000 13.800000 112.700000 19.306450 33.200000 12.204540 1.851500 -1.071550
542.272910 139.819520 74.216023 8.800000 61.300000 52.200000 95.600000 34.313300 30.800000 12.699210 2.733500 -1.073100
448.404610 296.287160 33.924149 12.500000 35.600000 28.700000 117.500000 26.779890 21.800000 15.205290 3.458550 -0.799350
535.518560 195.938570 63.411432 10.500000 67.900000 35.200000 87.300000 29.096470 22.900000 18.990020 3.976400 -0.669600
478.635980 139.601940 70.833379 9.700000 75.700000 47.300000 80.300000 30.807000 28.600000 18.638430 3.872500 -0.574500
657.357390 255.604850 61.116304 12.200000 62.600000 29.800000 90.900000 42.046590 24.700000 23.053930 5.469000 -1.218250
712.399350 271.592630 61.876351 8.200000 67.600000 36.000000 89.900000 42.527380 21.300000 20.695430 5.959700 -1.173450
441.588140 275.609890 37.586664 12.600000 42.600000 30.200000 110.500000 34.271320 21.200000 20.264440 4.682400 -0.963550
213.731440 157.617310 26.254504 11.100000 38.200000 100.300000 116.400000 19.375750 19.300000 16.976070 1.883150 -0.445300
502.812800 232.530290 53.754103 17.400000 56.800000 22.200000 91.500000 34.912780 39.000000 19.610260 2.788800 -1.153700
619.224690 157.346480 74.589760 9.800000 64.200000 24.800000 91.700000 27.271690 26.800000 12.090320 3.025700 -0.598100
684.532350 341.736970 50.077309 12.200000 59.500000 43.500000 94.000000 31.797790 23.400000 20.551560 4.401000 -0.912700
790.916060 417.524860 47.209966 13.000000 67.800000 45.400000 85.000000 32.401810 35.900000 15.073740 2.732750 -0.947950
899.974780 281.514280 68.719759 8.500000 85.500000 40.600000 71.700000 24.776000 23.400000 13.548090 3.497100 -0.654950
457.649220 144.097060 68.513645 10.600000 49.600000 49.200000 105.500000 28.255570 25.800000 12.137040 2.913950 -0.865050
530.800600 290.492350 45.272792 11.800000 54.600000 30.600000 99.300000 24.535580 23.900000 15.244330 2.927650 -0.689950
443.824580 312.860920 29.507978 17.700000 44.400000 30.300000 103.600000 27.588910 31.400000 16.423870 2.422600 -0.809900
944.951950 174.440160 81.539785 11.200000 89.000000 40.800000 65.500000 23.939370 38.700000 16.019050 2.383450 -0.525000
550.200170 198.892130 63.850951 5.900000 97.500000 30.600000 62.300000 27.701370 24.700000 15.634220 3.125600 -0.620950
671.472650 370.181400 44.870219 12.500000 50.600000 26.100000 102.600000 29.256420 33.400000 10.135630 2.059850 -1.016800
447.404540 204.940270 54.193520 12.100000 39.100000 25.800000 114.500000 31.626840 22.000000 21.160840 4.895150 -1.036150
497.936260 156.512140 68.567836 6.600000 71.600000 42.400000 87.500000 24.314820 20.800000 16.371860 3.942500 -0.504300
456.110800 396.154840 13.145043 22.400000 34.000000 35.300000 109.400000 9.748050 38.300000 6.426630 0.556100 -0.374650
521.635590 286.757690 45.027200 16.000000 45.700000 52.700000 104.000000 18.767500 30.800000 12.498650 1.761650 -0.306100
565.772130 272.918110 51.761832 10.700000 55.000000 25.100000 100.000000 27.384950 22.800000 15.488130 3.528300 -0.844450
881.119470 408.603560 53.626770 8.300000 59.300000 48.800000 98.100000 43.824180 22.900000 17.283300 5.335700 -1.177400
497.130570 324.688610 34.687458 12.700000 28.700000 38.500000 124.300000 23.853820 21.700000 16.330480 3.412950 -0.830650
480.347690 134.513220 71.996697 13.200000 67.100000 43.500000 85.400000 29.879890 40.600000 16.411510 2.243400 -0.655350
782.226600 147.897010 81.092818 5.800000 57.900000 26.400000 102.000000 34.874040 24.100000 20.329660 5.762050 -1.091300
570.667220 165.366470 71.022259 18.600000 58.600000 33.200000 88.500000 28.821040 43.900000 21.372130 2.287900 -0.755650
506.274560 172.732970 65.881562 13.300000 42.100000 17.000000 110.300000 24.244530 27.700000 12.834490 2.789400 -0.954500
171.001050 161.050140 5.819210 7.400000 78.200000 75.300000 80.100000 22.453760 11.400000 20.016230 5.011600 -0.878450
555.165880 193.783660 65.094458 10.000000 58.700000 33.000000 97.000000 28.801030 23.500000 21.213130 4.588150 -0.756600
734.318030 227.682820 68.993977 16.100000 78.500000 31.700000 71.100000 35.123890 42.700000 22.705950 3.222700 -0.961600
532.252270 358.090240 32.721707 13.500000 41.600000 27.400000 110.600000 24.187820 27.700000 10.005570 2.087150 -0.738950
539.334700 261.919980 51.436468 13.400000 40.300000 22.900000 112.000000 31.779420 26.800000 17.222120 3.625600 -1.167850
400.979680 151.869810 62.125310 5.700000 61.600000 49.300000 98.400000 29.159650 18.200000 17.278490 4.521550 -0.568600
599.145530 176.564090 70.530684 9.900000 52.100000 13.800000 103.700000 30.958820 27.600000 11.764070 3.043550 -1.044300
496.699850 248.818060 49.905751 10.000000 43.000000 26.800000 112.700000 28.206080 20.900000 16.276500 4.129500 -0.826000
475.767240 279.790760 41.191672 10.600000 64.100000 38.800000 91.000000 29.436020 19.000000 19.657120 3.869400 -0.676850
471.434840 187.898830 60.143202 10.400000 65.400000 26.600000 89.900000 33.879920 21.100000 18.428710 4.513450 -0.823150
668.223250 404.290420 39.497702 16.300000 53.700000 34.800000 95.700000 19.935550 38.500000 9.288000 1.355850 -0.659150
980.081060 394.964970 59.700785 9.600000 55.600000 39.200000 100.500000 31.846940 28.400000 14.483700 3.684250 -1.031400
439.675980 384.683820 12.507429 19.300000 31.000000 42.200000 115.400000 14.107750 31.100000 8.147240 1.099900 -0.446450
509.134600 349.809730 31.293271 12.700000 29.300000 25.900000 124.000000 16.133590 24.600000 7.625880 1.580800 -0.698650
472.663620 371.910550 21.316020 15.400000 36.600000 33.300000 113.700000 19.756830 27.000000 10.377800 1.876000 -0.618650
613.958800 293.471970 52.200055 13.900000 65.500000 64.400000 86.000000 28.842520 34.800000 14.582250 2.030050 -0.463400
447.987490 263.301060 41.225801 16.100000 36.300000 27.300000 113.400000 29.542100 26.600000 20.185820 3.641100 -1.068600
427.985200 369.840110 13.585771 16.000000 26.300000 27.900000 123.400000 13.377250 26.700000 6.807390 1.184450 -0.560900
546.793700 356.539220 34.794563 12.800000 41.600000 29.700000 111.300000 22.960560 26.300000 11.177500 2.172350 -0.713800
481.918650 241.073260 49.976358 10.100000 64.100000 25.700000 91.500000 29.931150 20.200000 16.299670 3.968400 -0.796500
642.589630 382.233750 40.516664 19.800000 61.600000 33.600000 84.300000 27.681620 49.100000 18.345990 1.624350 -0.956100
474.551720 349.216870 26.411210 24.200000 44.900000 30.100000 96.600000 16.595130 44.300000 11.370030 0.973650 -0.571300
561.098080 192.402630 65.709626 13.000000 76.600000 35.100000 76.100000 38.156360 26.800000 23.272660 4.427250 -0.814600
564.323980 313.647680 44.420636 8.900000 52.500000 26.100000 104.300000 26.871650 22.300000 11.241480 3.038650 -0.690350
540.450250 182.501360 66.231608 9.400000 61.100000 33.100000 95.200000 33.120810 23.200000 21.890030 4.763350 -0.757600
